epoch,train_acc,train_f1,val_acc,val_f1,test_acc,test_f1
0,51.08184383819379,51.32076130346266,57.73494093052652,46.584224013064954,58.35867274257104,46.84270010566047
0,57.73494093052652,46.584224013064954,58.35867274257104,46.84270010566047
1,48.79272499216055,48.8578787951355,44.01283484855851,39.227658809613544,44.244968912363134,39.036215639764734
1,44.01283484855851,39.227658809613544,44.244968912363134,39.036215639764734
2,50.32925682031985,50.515656231937825,46.82775049832272,38.938120674045365,47.21849651912883,38.886387384301784
2,46.82775049832272,38.938120674045365,47.21849651912883,38.886387384301784
3,52.80652242082157,53.02993139593365,47.326073216977,40.84599329842087,47.417046410690034,40.669264729222114
3,47.326073216977,40.84599329842087,47.417046410690034,40.669264729222114
4,53.49639385387269,53.772907156657,44.28752005445087,39.619953643456036,44.008375195425856,39.09427814061384
4,44.28752005445087,39.619953643456036,44.008375195425856,39.09427814061384
