epoch,train_acc,train_f1,val_acc,val_f1,test_acc,test_f1
0,54.84953182114065,54.5844214148556,55.32838958578788,45.6790480233421,54.315127124767926,44.79112107700686
0,55.32838958578788,45.6790480233421,54.315127124767926,44.79112107700686
1,57.71869210355015,57.48832337912583,65.70101878162035,49.53587262630221,64.47704861535725,48.58068730142954
1,65.70101878162035,49.53587262630221,64.47704861535725,48.58068730142954
2,58.63502078013119,58.417960130424206,65.95744680851064,49.67288819666617,64.74775155362364,48.93053031095451
2,65.95744680851064,49.67288819666617,64.74775155362364,48.93053031095451
3,59.59641480146212,59.386900494933705,68.15672141751566,50.03769555502199,67.2755166701871,49.239344523418296
3,68.15672141751566,50.03769555502199,67.2755166701871,49.239344523418296
4,60.232336888488305,60.01474414591056,69.18012336267239,49.973621049258284,68.40752187301976,49.221024218826635
4,69.18012336267239,49.973621049258284,68.40752187301976,49.221024218826635
