epoch,train_acc,train_f1,val_acc,val_f1,test_acc,test_f1
0,58.458232608111736,58.10552220424549,51.20243953149907,44.55622750912229,53.282790591499335,43.7816746415836
0,51.20243953149907,44.55622750912229,53.282790591499335,43.7816746415836
1,60.76819769003492,60.38803026548955,63.330792154688474,50.393571020803115,65.65844578873894,48.49668894566306
1,63.330792154688474,50.393571020803115,65.65844578873894,48.49668894566306
2,61.21407467096427,60.92176567747286,63.14020375632407,50.70206201612493,65.92491461583711,49.22472380862028
2,63.14020375632407,50.70206201612493,65.92491461583711,49.22472380862028
3,62.175664786462534,61.931595815402055,65.54854806292883,51.029465874682614,67.97896344943238,48.89626991196876
3,65.54854806292883,51.029465874682614,67.97896344943238,48.89626991196876
4,62.73972602739726,62.50536885622794,65.71487975604686,51.73669602956878,68.70637505816659,49.89121879599105
4,65.71487975604686,51.73669602956878,68.70637505816659,49.89121879599105
