epoch,train_acc,train_f1,val_acc,val_f1,test_acc,test_f1
0,53.09461102106969,53.256489163119035,57.73494093052652,46.584224013064954,59.08080124977482,45.80511143089219
0,57.73494093052652,46.584224013064954,59.08080124977482,45.80511143089219
1,55.89546191247974,56.0653318175982,57.10535271525111,46.320297530646165,57.5531346254367,44.9324308618131
1,57.10535271525111,46.320297530646165,57.5531346254367,44.9324308618131
2,57.56179092382496,57.59632333224916,62.47508386406729,48.55753609351596,63.40540013761698,47.41119818595176
2,62.47508386406729,48.55753609351596,63.40540013761698,47.41119818595176
3,58.762155591572125,58.68536713644418,61.75798531771112,48.65311592881545,62.57940293130078,47.664560026780286
3,61.75798531771112,48.65311592881545,62.57940293130078,47.664560026780286
4,59.572528363047,59.48031266494538,64.2909232339929,49.299583607780555,65.03642715602399,47.77172199088455
4,64.2909232339929,49.299583607780555,65.03642715602399,47.77172199088455
