epoch,train_acc,train_f1,val_acc,val_f1,test_acc,test_f1
0,52.27479526842584,52.396539866058845,55.32838958578788,45.6790480233421,53.859045480317064,45.553011819835646
0,55.32838958578788,45.6790480233421,53.859045480317064,45.553011819835646
1,54.91355777979982,55.07835575201096,54.101693349042435,45.046217033955394,52.39880601660904,44.77934606445564
1,54.101693349042435,45.046217033955394,52.39880601660904,44.77934606445564
2,55.36851683348499,55.502150651197844,58.33160071153002,47.39067944059037,56.2767506753677,47.026537385683255
2,58.33160071153002,47.39067944059037,56.2767506753677,47.026537385683255
3,56.2026084319078,56.32446164849366,60.54704645736595,48.382797189241664,58.75976920767974,48.27788607024903
3,60.54704645736595,48.382797189241664,58.75976920767974,48.27788607024903
4,56.30118289353958,56.39695241886087,61.08531429759512,48.5897665721803,59.519905281764515,48.7717295672742
4,61.08531429759512,48.5897665721803,59.519905281764515,48.7717295672742
