epoch,train_acc,train_f1,val_acc,val_f1,test_acc,test_f1
0,58.524788391777506,58.55985449140656,51.20243953149907,44.55622750912229,52.81043398860374,44.46840009784763
0,51.20243953149907,44.55622750912229,52.81043398860374,44.46840009784763
1,61.398392488797214,61.38547132664869,56.84385612308545,47.396162044694414,58.56256091029614,46.8671178237502
1,56.84385612308545,47.396162044694414,58.56256091029614,46.8671178237502
2,62.05277758019774,62.024815882479686,60.56552775660129,49.35259036173033,62.55213043363741,48.685153761484585
2,60.56552775660129,49.35259036173033,62.55213043363741,48.685153761484585
3,62.593356568745996,62.622599444043146,67.47522350821262,52.478401880515904,69.12824745164491,51.11612466286931
3,67.47522350821262,52.478401880515904,69.12824745164491,51.11612466286931
4,62.956113521587596,62.950818658070894,58.077482847044145,48.50616428155319,60.10342678033662,48.25736680624208
4,58.077482847044145,48.50616428155319,60.10342678033662,48.25736680624208
