epoch,train_acc,train_f1,val_acc,val_f1,test_acc,test_f1
0,52.892218060757386,52.7798765604585,57.73494093052652,46.584224013064954,58.514735734259716,46.335393300490146
0,57.73494093052652,46.584224013064954,58.514735734259716,46.335393300490146
1,55.45845470939104,55.519244172251504,54.64534007486995,44.09871413454844,55.17354371291074,43.77519856477172
1,54.64534007486995,44.09871413454844,55.17354371291074,43.77519856477172
2,57.081425995283674,57.14139645280617,64.87432544119793,47.72300713172957,65.79582406535762,47.65345305145202
2,64.87432544119793,47.72300713172957,65.79582406535762,47.65345305145202
3,58.260507698709944,58.26142412800744,53.13821770625699,45.4386766559756,53.04669948987951,44.550458801432704
3,53.13821770625699,45.4386766559756,53.04669948987951,44.550458801432704
4,59.23151616035511,59.227394671448295,60.28489474451845,47.63723879431295,60.774872192185185,47.19781654209215
4,60.28489474451845,47.63723879431295,60.774872192185185,47.19781654209215
