epoch,train_acc,train_f1,val_acc,val_f1,test_acc,test_f1
0,55.37585421412301,55.541490917079194,57.73494093052652,46.584224013064954,58.42670732079831,46.68488637742438
0,57.73494093052652,46.584224013064954,58.42670732079831,46.68488637742438
1,52.84738041002278,52.99255486616777,49.856580290728765,41.271527614881464,50.605785438378724,41.3691500094217
1,49.856580290728765,41.271527614881464,50.605785438378724,41.3691500094217
2,56.03644646924829,56.34952488902877,51.68943555836453,42.978516358306045,52.079220018272146,42.98572475907934
2,51.68943555836453,42.978516358306045,52.079220018272146,42.98572475907934
3,57.92710706150341,58.20645895010866,51.88876464582624,44.194455898485494,51.70600176056827,43.747015962189444
3,51.88876464582624,44.194455898485494,51.70600176056827,43.747015962189444
4,57.83599088838269,58.11918922268465,62.039963051193546,47.2261072732663,63.04833787360008,47.88750342433687
4,62.039963051193546,47.2261072732663,63.04833787360008,47.88750342433687
