epoch,train_acc,train_f1,val_acc,val_f1,test_acc,test_f1
0,49.392478302796526,49.292367707661526,55.32838958578788,45.6790480233421,53.92164576416099,45.59245793634364
0,55.32838958578788,45.6790480233421,53.92164576416099,45.59245793634364
1,50.7039537126326,50.60991935530296,51.63675006352947,41.53175714062512,50.77473026063877,41.961129932641626
1,51.63675006352947,41.53175714062512,50.77473026063877,41.961129932641626
2,53.42333654773385,53.42434074644046,64.80929609351537,48.12594295547274,62.96322522777699,48.2759908577737
2,64.80929609351537,48.12594295547274,62.96322522777699,48.2759908577737
3,55.15911282545805,55.123714224393325,62.00013860974426,47.68926879347926,60.1142425529906,47.69839533470473
3,62.00013860974426,47.68926879347926,60.1142425529906,47.69839533470473
4,56.162005785920925,56.142062435633186,57.99431700048513,46.63684912678247,56.15037215377111,46.492874216066824
4,57.99431700048513,46.63684912678247,56.15037215377111,46.492874216066824
