epoch,train_acc,train_f1,val_acc,val_f1,test_acc,test_f1
0,56.29976580796253,56.372832553169275,57.73494093052652,46.584224013064954,58.42087578552169,46.68190792413448
0,57.73494093052652,46.584224013064954,58.42087578552169,46.68190792413448
1,54.91803278688525,54.895336032033995,46.94929262482376,40.34274763368519,47.625037835556256,40.45188009513264
1,46.94929262482376,40.34274763368519,47.625037835556256,40.45188009513264
2,58.36065573770492,58.51346806512198,55.009966454373085,43.68881519412302,55.72198572106934,43.98419947740117
2,55.009966454373085,43.68881519412302,55.72198572106934,43.98419947740117
3,59.7423887587822,60.006735758853104,59.55078030045214,46.479617582395946,59.82266578915945,46.35160993690015
3,59.55078030045214,46.479617582395946,59.82266578915945,46.35160993690015
4,60.843091334894616,61.088827229863384,59.55078030045214,46.70571339208712,60.1197963961112,46.97060745876472
4,59.55078030045214,46.70571339208712,60.1197963961112,46.97060745876472
