epoch,train_acc,train_f1,val_acc,val_f1,test_acc,test_f1
0,55.346273664030676,55.12010857335513,55.32838958578788,45.6790480233421,54.40823337150226,44.70030704933099
0,55.32838958578788,45.6790480233421,54.40823337150226,44.70030704933099
1,57.30649412892404,57.125023988575705,64.09083558574167,49.10682657580296,62.735266978688394,48.19261629156551
1,64.09083558574167,49.10682657580296,62.735266978688394,48.19261629156551
2,58.164390127006946,57.935758556476735,62.86182918659182,48.86764948145708,61.581027448277396,48.069671651167894
2,62.86182918659182,48.86764948145708,61.581027448277396,48.069671651167894
3,58.60531991373113,58.36543058288336,65.5046549772449,49.73353355046977,64.64102678124758,49.295214593487934
3,65.5046549772449,49.73353355046977,64.64102678124758,49.295214593487934
4,59.12772585669782,58.85513927155933,63.0628133157761,49.41918988763696,62.178019143756046,48.80966025979874
4,63.0628133157761,49.41918988763696,62.178019143756046,48.80966025979874
