epoch,train_acc,train_f1,val_acc,val_f1,test_acc,test_f1
0,58.01565517942462,57.6183911755235,51.20243953149907,44.55622750912229,53.32932386278831,43.543037227210995
0,51.20243953149907,44.55622750912229,53.32932386278831,43.543037227210995
1,59.65233302836231,59.23757535309052,59.59872479035276,48.877790164978876,61.54595819029474,47.266072413397495
1,59.59872479035276,48.877790164978876,61.54595819029474,47.266072413397495
2,60.409677747280675,60.013415721878495,63.65652505371128,50.95347596632065,65.56318428053417,48.81251339662727
2,63.65652505371128,50.95347596632065,65.56318428053417,48.81251339662727
3,60.811222933821284,60.45252925086317,65.97130778293715,52.08315539738651,68.23314046902026,49.972324130177824
3,65.97130778293715,52.08315539738651,68.23314046902026,49.972324130177824
4,61.832875876791704,61.46585298115639,59.214082750017326,49.1947597526291,61.345338332001724,47.406978507916016
4,59.214082750017326,49.1947597526291,61.345338332001724,47.406978507916016
