epoch,train_acc,train_f1,val_acc,val_f1,test_acc,test_f1
0,52.77723735408561,52.887010147705695,57.73494093052652,46.584224013064954,59.20128993771798,45.74748983854881
0,57.73494093052652,46.584224013064954,59.20128993771798,45.74748983854881
1,55.6760700389105,55.76528942989908,59.3368661578103,46.8583607930472,60.91589121761498,46.50813275024692
1,59.3368661578103,46.8583607930472,60.91589121761498,46.50813275024692
2,56.721789883268485,56.653216710774714,62.92722057465117,48.27622129628015,64.34332188493921,47.749694662690814
2,62.92722057465117,48.27622129628015,64.34332188493921,47.749694662690814
3,57.971789883268485,57.87243454992376,65.71539695658515,49.63305955157889,66.86442955398513,48.86265392794271
3,65.71539695658515,49.63305955157889,66.86442955398513,48.86265392794271
4,59.304474708171206,59.14125503989036,61.9184209246925,48.591824365782514,62.830421031182354,47.73531341156745
4,61.9184209246925,48.591824365782514,62.830421031182354,47.73531341156745
