epoch,train_acc,train_f1,val_acc,val_f1,test_acc,test_f1
0,53.81637168141593,53.47725869021684,51.20243953149907,44.55622750912229,52.72540556152822,44.894151834615876
0,51.20243953149907,44.55622750912229,52.72540556152822,44.894151834615876
1,54.40634218289085,53.83337920382926,50.98759442788828,42.801813331939016,52.10161903692175,43.0047060884828
1,50.98759442788828,42.801813331939016,52.10161903692175,43.0047060884828
2,57.30088495575221,56.820843486121234,56.739898814886686,46.43388782567512,57.85650101891818,46.305503504744294
2,56.739898814886686,46.43388782567512,57.85650101891818,46.305503504744294
3,58.278023598820056,57.902689720248254,54.18601427680366,45.292619868865344,55.15917587971952,45.27480426164408
3,54.18601427680366,45.292619868865344,55.15917587971952,45.27480426164408
4,58.92330383480826,58.5632045203874,60.20167717790561,48.41498879745443,61.5627156175286,48.49476551895134
4,60.20167717790561,48.41498879745443,61.5627156175286,48.49476551895134
