epoch,train_acc,train_f1,val_acc,val_f1,test_acc,test_f1
0,56.32867132867133,55.83984631073097,51.20243953149907,44.55622750912229,53.48999534667287,43.56105291201653
0,51.20243953149907,44.55622750912229,53.48999534667287,43.56105291201653
1,58.336663336663335,57.80193866232383,65.45152124194331,51.427273867567415,67.48904712152208,49.45840746135928
1,65.45152124194331,51.427273867567415,67.48904712152208,49.45840746135928
2,59.010989010989015,58.511528162579175,60.180885716265855,49.32461416058375,62.539838626127114,47.53356676324221
2,60.180885716265855,49.32461416058375,62.539838626127114,47.53356676324221
3,60.02997002997003,59.54614402035082,62.287753829094186,50.4934757279964,64.57193780345399,48.51955011822351
3,62.287753829094186,50.4934757279964,64.57193780345399,48.51955011822351
4,60.81918081918082,60.332533238813944,63.57682445075889,51.028631977868514,65.87706436517205,48.804868158452344
4,63.57682445075889,51.028631977868514,65.87706436517205,48.804868158452344
