epoch,train_acc,train_f1,val_acc,val_f1,test_acc,test_f1
0,56.82059447983015,57.02920566872096,51.20243953149907,44.55622750912229,52.595433321031436,45.04166882507514
0,51.20243953149907,44.55622750912229,52.595433321031436,45.04166882507514
1,55.97133757961783,55.8701631831943,47.23127035830619,41.25338300364691,47.86949824296786,41.347567264363725
1,47.23127035830619,41.25338300364691,47.86949824296786,41.347567264363725
2,57.35138004246284,57.27289745097393,43.85265784184628,39.867533731755536,44.17571925996053,39.669149362048
2,43.85265784184628,39.867533731755536,44.17571925996053,39.669149362048
3,58.28025477707006,58.13728318966444,43.124956684454915,39.52694891902021,43.40150190144574,39.336558430858105
3,43.124956684454915,39.52694891902021,43.40150190144574,39.336558430858105
4,59.89915074309979,59.86668153100824,51.18511331346593,44.34785128319058,51.84247685370902,44.19399479292402
4,51.18511331346593,44.34785128319058,51.84247685370902,44.19399479292402
