epoch,train_acc,train_f1,val_acc,val_f1,test_acc,test_f1
0,52.46927374301676,52.22665466013792,55.32838958578788,45.6790480233421,54.579993552045,44.69798428873108
0,55.32838958578788,45.6790480233421,54.579993552045,44.69798428873108
1,54.5072625698324,54.27557686774289,61.98396747291335,48.39687329382631,60.93512023212638,47.50289765666714
1,61.98396747291335,48.39687329382631,60.93512023212638,47.50289765666714
2,54.97206703910614,54.64104753646174,69.60057292027629,50.704421481587524,69.06093317472846,50.09411694367143
2,69.60057292027629,50.704421481587524,69.06093317472846,50.09411694367143
3,56.11620111731843,55.73450868487873,68.01580151084622,49.43823713786201,67.49480272592857,48.77514183910498
3,68.01580151084622,49.43823713786201,67.49480272592857,48.77514183910498
4,56.30391061452514,55.81140558021372,66.89075241989512,49.96889898968656,66.42199642027326,49.571199353787684
4,66.89075241989512,49.96889898968656,66.42199642027326,49.571199353787684
