epoch,train_acc,train_f1,val_acc,val_f1,test_acc,test_f1
0,59.37902515083723,59.4459893347703,51.20243953149907,44.55622750912229,52.630885800328365,44.219224828148455
0,51.20243953149907,44.55622750912229,52.630885800328365,44.219224828148455
1,61.88732967256457,61.948453710989156,56.85771709751196,47.37184136682491,58.87556300868329,47.05671061506016
1,56.85771709751196,47.37184136682491,58.87556300868329,47.05671061506016
2,62.463561792420855,62.44243946191549,55.932497054542935,47.21054083142029,57.90538820162076,46.863352598902814
2,55.932497054542935,47.21054083142029,57.90538820162076,46.863352598902814
3,63.22283235034913,63.21696818828734,62.17340079007554,50.42470799367934,63.71107228460802,49.349871378900566
3,62.17340079007554,50.42470799367934,63.71107228460802,49.349871378900566
4,63.76516846315504,63.76461182328362,64.49511400651465,51.4508217853495,66.1272904466316,50.39069859951516
4,64.49511400651465,51.4508217853495,66.1272904466316,50.39069859951516
