epoch,train_acc,train_f1,val_acc,val_f1,test_acc,test_f1
0,56.54342218400688,56.37974809742089,51.20243953149907,44.55622750912229,52.74105036825468,44.75665167770088
0,51.20243953149907,44.55622750912229,52.74105036825468,44.75665167770088
1,58.779019776440244,58.40832649106651,56.98246586735048,47.125526903874984,57.99650198167552,46.91309569651576
1,56.98246586735048,47.125526903874984,57.99650198167552,46.91309569651576
2,60.395528804815136,59.98897165900582,59.87247903527618,48.952591631717965,61.23417467627284,48.76419173476891
2,59.87247903527618,48.952591631717965,61.23417467627284,48.76419173476891
3,60.60189165950129,60.18859876643923,60.523944833321785,49.00793456820055,61.644951140065146,48.65606904168817
3,60.523944833321785,49.00793456820055,61.644951140065146,48.65606904168817
4,60.94582975064488,60.5287069783094,63.167925705177076,50.50406946739253,64.5067473243369,50.26963652472115
4,63.167925705177076,50.50406946739253,64.5067473243369,50.26963652472115
