epoch,train_acc,train_f1,val_acc,val_f1,test_acc,test_f1
0,54.38131522279278,54.084974805065485,55.32838958578788,45.6790480233421,53.91744952713654,45.41853734634491
0,55.32838958578788,45.6790480233421,53.91744952713654,45.41853734634491
1,55.8886864336591,55.630381101966556,59.74542010303324,46.52564744345096,58.12417714414599,46.39561407366167
1,59.74542010303324,46.52564744345096,58.12417714414599,46.39561407366167
2,57.92612224614875,57.80799919924614,59.10781527941414,47.29529489215763,57.35888841681222,47.031743190178396
2,59.10781527941414,47.29529489215763,57.35888841681222,47.031743190178396
3,58.42305781017061,58.32552691284927,60.97211633977869,48.250409230232094,59.08511542274466,47.95505125053954
3,60.97211633977869,48.250409230232094,59.08511542274466,47.95505125053954
4,58.9862514493954,58.90615785387215,65.33139279691362,49.26114410318947,63.519226633516396,49.231893687065885
4,65.33139279691362,49.26114410318947,63.519226633516396,49.231893687065885
