epoch,train_acc,train_f1,val_acc,val_f1,test_acc,test_f1
0,52.30295167045086,52.31942157651722,57.73494093052652,46.584224013064954,58.598876457536704,46.51658221394266
0,57.73494093052652,46.584224013064954,58.598876457536704,46.51658221394266
1,54.50859552384041,54.52433286461127,52.28256113568963,43.33513028392613,52.37690600953595,42.79693884033344
1,52.28256113568963,43.33513028392613,52.37690600953595,42.79693884033344
2,55.7087252675965,55.799642908762536,60.826972628713115,47.32919964394303,61.59267559169256,47.32584836969101
2,60.826972628713115,47.32919964394303,61.59267559169256,47.32584836969101
3,56.87641907233214,56.90114059246086,58.91389955758666,47.3587442157218,59.310601453440746,47.048222799751
3,58.91389955758666,47.3587442157218,59.310601453440746,47.048222799751
4,57.249432371067144,57.31870746698699,60.3602508629491,48.25394883236766,60.38388163649542,47.65833044623075
4,60.3602508629491,48.25394883236766,60.38388163649542,47.65833044623075
