epoch,train_acc,train_f1,val_acc,val_f1,test_acc,test_f1
0,54.380702412198474,54.54751348938633,57.73494093052652,46.584224013064954,58.57728847295354,46.15595715306642
0,57.73494093052652,46.584224013064954,58.57728847295354,46.15595715306642
1,56.86789151356081,57.13815942589792,60.0345179639263,47.256492729179925,60.3474090502361,46.20952088882845
1,60.0345179639263,47.256492729179925,60.3474090502361,46.20952088882845
2,58.27396575428072,58.46014045152344,57.9999027662988,47.17765534150845,58.27577143768402,46.2957520025254
2,57.9999027662988,47.17765534150845,58.27577143768402,46.2957520025254
3,58.83639545056868,58.96879324814862,65.63517915309447,48.82028348067644,66.57620171223876,48.433458667886356
3,65.63517915309447,48.82028348067644,66.57620171223876,48.433458667886356
4,59.96125484314461,60.06106621156276,62.504253974427535,49.30035953581608,62.82362877671497,48.525932170404886
4,62.504253974427535,49.30035953581608,62.82362877671497,48.525932170404886
