epoch,train_acc,train_f1,val_acc,val_f1,test_acc,test_f1
0,54.90867579908676,54.55477824374092,55.32838958578788,45.6790480233421,53.90538534569125,45.39113210863375
0,55.32838958578788,45.6790480233421,53.90538534569125,45.39113210863375
1,57.3385518590998,57.058566595647285,58.68274539700141,45.81845062263475,57.02686116225275,45.65909522517042
1,58.68274539700141,45.81845062263475,57.02686116225275,45.65909522517042
2,58.51272015655577,58.37896948505743,62.7648023656063,48.49688303113428,60.98102776335321,48.449636176799025
2,62.7648023656063,48.49688303113428,60.98102776335321,48.449636176799025
3,59.5075016307893,59.40420009313776,63.93374454224132,48.98539753281343,62.16174395610736,48.99529133028711
3,63.93374454224132,48.98539753281343,62.16174395610736,48.99529133028711
4,59.99673842139595,59.854536822832884,60.505463534086445,47.89492502436918,58.616972729704635,47.648430653205956
4,60.505463534086445,47.89492502436918,58.616972729704635,47.648430653205956
