epoch,train_acc,train_f1,val_acc,val_f1,test_acc,test_f1
0,51.59846547314578,51.57997419981447,57.73494093052652,46.584224013064954,58.595821843820374,46.50403729736182
0,57.73494093052652,46.584224013064954,58.595821843820374,46.50403729736182
1,53.069053708439895,53.16791371178361,55.78297437891973,44.44139894099419,56.13769087864575,43.962090132921446
1,55.78297437891973,44.44139894099419,56.13769087864575,43.962090132921446
2,55.06713554987212,55.233681559809,55.34056103845593,45.96478290197048,55.25379674600332,45.27744104365148
2,55.34056103845593,45.96478290197048,55.25379674600332,45.27744104365148
3,56.47378516624041,56.548817934299535,56.46361028732559,46.164914587717476,56.3964999680654,45.49610533114992
3,56.46361028732559,46.164914587717476,56.3964999680654,45.49610533114992
4,57.448849104859335,57.45176639804255,57.29982011765278,47.16681559011648,57.133772642324175,46.4629444756067
4,57.29982011765278,47.16681559011648,57.133772642324175,46.4629444756067
