epoch,train_acc,train_f1,val_acc,val_f1,test_acc,test_f1
0,56.57559816731715,56.37901032579952,51.20243953149907,44.55622750912229,52.72941705043244,44.734856484637575
0,51.20243953149907,44.55622750912229,52.72941705043244,44.734856484637575
1,58.085864585100964,57.58939180644963,60.336821678564,48.94958701784067,61.291538967603216,48.52935591955729
1,60.336821678564,48.94958701784067,61.291538967603216,48.52935591955729
2,59.494315289326316,59.11582334630497,59.53981564904013,48.49670320336194,60.09210378524093,47.887240142308386
2,59.53981564904013,48.49670320336194,60.09210378524093,47.887240142308386
3,60.648226709655525,60.33671055030576,59.692286367731654,48.95708304842185,60.723110989875,48.51181688205342
3,59.692286367731654,48.95708304842185,60.723110989875,48.51181688205342
4,60.733073137620906,60.368421329466415,64.88322129045672,50.31487496276872,66.05799008359944,49.60907405311969
4,64.88322129045672,50.31487496276872,66.05799008359944,49.60907405311969
