epoch,train_acc,train_f1,val_acc,val_f1,test_acc,test_f1
0,52.28160585155016,52.41422709355036,57.73494093052652,46.584224013064954,58.41338841950145,46.73977896056725
0,57.73494093052652,46.584224013064954,58.41338841950145,46.73977896056725
1,54.251516914637186,54.548684176061144,57.91482327774807,45.75808859786141,58.47806249464741,46.0989895491218
1,57.91482327774807,45.75808859786141,58.47806249464741,46.0989895491218
2,55.60635026182362,55.87184445241401,55.807282804219945,46.20472153526925,55.70977582607104,45.85465814145344
2,55.807282804219945,46.20472153526925,55.70977582607104,45.85465814145344
3,56.096750062338955,56.307160235486506,54.78146725655112,46.52692111610041,54.12836179681709,45.65291870889588
3,54.78146725655112,46.52692111610041,54.12836179681709,45.65291870889588
4,57.426647826448345,57.63070132672357,51.09387913850941,44.86821456245328,50.47796799371569,44.130183381663855
4,51.09387913850941,44.86821456245328,50.47796799371569,44.130183381663855
