epoch,train_acc,train_f1,val_acc,val_f1,test_acc,test_f1
0,53.387880337509586,53.471220239507176,51.20243953149907,44.55622750912229,52.672590147238296,45.116229389723486
0,51.20243953149907,44.55622750912229,52.672590147238296,45.116229389723486
1,55.65499019858519,55.769858187969135,56.71564210964031,46.94559681336531,58.095911218030324,47.18650893222452
1,56.71564210964031,46.94559681336531,58.095911218030324,47.18650893222452
2,56.49876416943663,56.608377743908356,51.52817243052186,44.696720039149376,53.15284862639051,45.276536578962805
2,51.52817243052186,44.696720039149376,53.15284862639051,45.276536578962805
3,56.814114037330604,56.908076032843745,60.05960219003396,49.02142544237762,61.479231235238856,49.0688584797603
3,60.05960219003396,49.02142544237762,61.479231235238856,49.0688584797603
4,57.59822722236427,57.67932221621629,59.52941991822025,48.84873178263384,61.22417622940025,49.101248835058044
4,59.52941991822025,48.84873178263384,61.22417622940025,49.101248835058044
