epoch,train_acc,train_f1,val_acc,val_f1,test_acc,test_f1
0,56.96480938416422,56.553727270898456,51.20243953149907,44.55622750912229,53.42414637786772,43.381118757022264
0,51.20243953149907,44.55622750912229,53.42414637786772,43.381118757022264
1,58.6119257086999,58.04660693486643,57.575022524083444,47.90269410891043,58.65782241850093,45.66876319075647
1,57.575022524083444,47.90269410891043,58.65782241850093,45.66876319075647
2,59.364613880742915,58.82539953062601,63.52138055305288,51.05018454005824,65.56098931490733,48.8185812221638
2,63.52138055305288,51.05018454005824,65.56098931490733,48.8185812221638
3,60.23460410557185,59.816555059642106,64.60253655832005,51.14436710139252,67.07814955617795,49.01195671182094
3,64.60253655832005,51.14436710139252,67.07814955617795,49.01195671182094
4,60.73802541544477,60.381654984892265,53.73206736433571,46.166999350147144,55.27055146316409,44.22638961469305
4,53.73206736433571,46.166999350147144,55.27055146316409,44.22638961469305
