epoch,train_acc,train_f1,val_acc,val_f1,test_acc,test_f1
0,51.70890490583585,51.535619215238114,55.32838958578788,45.6790480233421,54.599448588676054,44.88584881939304
0,55.32838958578788,45.6790480233421,54.599448588676054,44.88584881939304
1,53.224831434550104,52.9412682820023,59.357312819091185,47.2174418908606,58.124701226223166,46.529455594447384
1,59.357312819091185,47.2174418908606,58.124701226223166,46.529455594447384
2,54.066496163682864,53.75877157535774,61.223924041860144,48.032974097422915,60.22278796233505,47.37071599454991
2,61.223924041860144,48.032974097422915,60.22278796233505,47.37071599454991
3,54.671006742618,54.29083976069493,58.62037101208215,47.34521619529394,57.64332803415193,46.81953876987957
3,58.62037101208215,47.34521619529394,57.64332803415193,46.81953876987957
4,55.53592187863288,55.027417228942674,58.97844618476679,47.735284498504186,58.08579115296106,47.20155015830369
4,58.97844618476679,47.735284498504186,58.08579115296106,47.20155015830369
