epoch,train_acc,train_f1,val_acc,val_f1,test_acc,test_f1
0,53.05266689030527,52.75608784562026,55.32838958578788,45.6790480233421,53.88309283649887,45.44270070001065
0,55.32838958578788,45.6790480233421,53.88309283649887,45.44270070001065
1,54.17645085541764,53.939256296374936,57.107214637188996,44.98108800019458,55.52303471861608,44.84975083619037
1,57.107214637188996,44.98108800019458,55.52303471861608,44.84975083619037
2,55.551828245555186,55.288705113356286,54.58913761637443,45.14320906360143,52.683493577134705,44.70121927345671
2,54.58913761637443,45.14320906360143,52.683493577134705,44.70121927345671
3,56.524656155652465,56.308261831019216,62.57767921084852,48.80206652806704,60.67916096240696,48.685450614510835
3,62.57767921084852,48.80206652806704,60.67916096240696,48.685450614510835
4,56.84334116068433,56.68255470197862,59.66456441887865,47.53408462045898,57.733402571244234,47.35540741401995
4,59.66456441887865,47.53408462045898,57.733402571244234,47.35540741401995
