epoch,train_acc,train_f1,val_acc,val_f1,test_acc,test_f1
0,60.77137090175113,60.54954897456818,51.20243953149907,44.55622750912229,52.81306794735595,43.38715395763026
0,51.20243953149907,44.55622750912229,52.81306794735595,43.38715395763026
1,62.94801156510829,62.62253523174718,69.03458313119413,52.29748038074805,71.32233509223245,49.48558783735336
1,69.03458313119413,52.29748038074805,71.32233509223245,49.48558783735336
2,63.777208008291964,63.507631103925235,67.43364058493312,52.58198344916891,69.69937750774822,49.84535514171313
2,67.43364058493312,52.58198344916891,69.69937750774822,49.84535514171313
3,64.47547869728875,64.21781581202231,66.94504123639892,52.262368791465455,69.39120433374013,49.84124539056087
3,66.94504123639892,52.262368791465455,69.39120433374013,49.84124539056087
4,65.16829414652774,64.97406927570589,68.19599417839073,52.53753198562464,70.86885519372767,50.26180451517327
4,68.19599417839073,52.53753198562464,70.86885519372767,50.26180451517327
