epoch,train_acc,train_f1,val_acc,val_f1,test_acc,test_f1
0,52.462087421944695,52.23770827230003,55.32838958578788,45.6790480233421,54.58027148113973,44.686882068892594
0,55.32838958578788,45.6790480233421,54.58027148113973,44.686882068892594
1,54.290811775200716,54.01933052555149,64.0400120128445,49.152381108639204,63.10241131282587,48.38678757678552
1,64.0400120128445,49.152381108639204,63.10241131282587,48.38678757678552
2,55.173951828724356,54.80816127178131,59.10550511700973,47.56768487935799,57.46573134261987,46.17078531928119
2,59.10550511700973,47.56768487935799,57.46573134261987,46.17078531928119
3,55.99910793933987,55.63838436325962,60.90743179245501,48.05618917576833,59.80228124200954,47.16200122662917
3,60.90743179245501,48.05618917576833,59.80228124200954,47.16200122662917
4,56.69491525423729,56.255440552561296,67.72010072308083,50.57560799451829,67.38502073351047,49.94948341468148
4,67.72010072308083,50.57560799451829,67.38502073351047,49.94948341468148
