epoch,train_acc,train_f1,val_acc,val_f1,test_acc,test_f1
0,58.98818695428865,58.93929359738538,55.32838958578788,45.6790480233421,53.71812826847525,45.53336247112174
0,55.32838958578788,45.6790480233421,53.71812826847525,45.53336247112174
1,56.548536209553156,56.500398614678446,58.39166493404486,44.84039456077545,56.903334434845554,45.08094718994961
1,58.39166493404486,44.84039456077545,56.903334434845554,45.08094718994961
2,60.323574730354395,60.276472451496865,62.009379259361936,46.34972775601455,60.121848232597415,46.3784070717203
2,62.009379259361936,46.34972775601455,60.121848232597415,46.3784070717203
3,61.40215716486903,61.39663304432138,64.9479058377804,48.381588263025144,62.842321148510074,48.3264959474
3,64.9479058377804,48.381588263025144,62.842321148510074,48.3264959474
4,62.35233692860812,62.35613840869658,66.21156467299652,48.39934898876634,63.94462016186984,48.2377500539468
4,66.21156467299652,48.39934898876634,63.94462016186984,48.2377500539468
