epoch,train_acc,train_f1,val_acc,val_f1,test_acc,test_f1
0,58.58970868499864,58.50154115855432,55.32838958578788,45.6790480233421,53.65649603717866,45.52167833299294
0,55.32838958578788,45.6790480233421,53.65649603717866,45.52167833299294
1,57.28287503403212,57.18920582545923,53.98618522882158,42.772082067159026,52.66670862903691,43.140263322665454
1,53.98618522882158,42.772082067159026,52.66670862903691,43.140263322665454
2,59.678736727470735,59.53843346254669,60.22362372074757,44.805627697559764,58.48190635048021,45.109820747441624
2,60.22362372074757,44.805627697559764,58.48190635048021,45.109820747441624
3,62.23795262728015,62.086896870940244,65.79342527779703,47.01958442645851,63.807980193761246,47.25761296431543
3,65.79342527779703,47.01958442645851,63.807980193761246,47.25761296431543
4,63.10917506125783,62.98367319376775,64.3103010141613,47.43293077709236,62.22521204110214,47.48542286596902
4,64.3103010141613,47.43293077709236,62.22521204110214,47.48542286596902
