epoch,train_acc,train_f1,val_acc,val_f1,test_acc,test_f1
0,54.48588709677419,54.204650107248355,51.20243953149907,44.55622750912229,52.62351374336099,44.738629158252905
0,51.20243953149907,44.55622750912229,52.62351374336099,44.738629158252905
1,56.75403225806452,56.24885922515778,55.44736294961536,45.430717990048,56.77420131255917,45.339859682375014
1,55.44736294961536,45.430717990048,56.77420131255917,45.339859682375014
2,58.4005376344086,58.058487009206914,60.319495460530874,48.513441027027824,61.45199852377208,48.12101084315163
2,60.319495460530874,48.513441027027824,61.45199852377208,48.12101084315163
3,59.34139784946237,59.017915116436434,58.89181509460115,48.45843787036422,60.0860865518846,48.09201466424028
3,58.89181509460115,48.45843787036422,60.0860865518846,48.09201466424028
4,59.627016129032256,59.33770196666773,59.84475708642317,48.78322448009486,61.026780699924586,48.386029373865966
4,59.84475708642317,48.78322448009486,61.026780699924586,48.386029373865966
