epoch,train_acc,train_f1,val_acc,val_f1,test_acc,test_f1
0,56.056918180116085,56.008242039306374,51.20243953149907,44.55622750912229,52.760706663885365,44.84841332406337
0,51.20243953149907,44.55622750912229,52.760706663885365,44.84841332406337
1,57.96667290769519,57.65849101500464,60.142768036592976,48.709639622427005,61.26546428972578,48.54883550267386
1,60.142768036592976,48.709639622427005,61.26546428972578,48.54883550267386
2,59.37090432503277,59.07024585141808,59.0477510568993,48.580964695988,60.37250685964602,48.51477834482284
2,59.0477510568993,48.580964695988,60.37250685964602,48.51477834482284
3,60.49428945890283,60.15404426965914,59.75119550904429,48.9286847000234,61.21331493397089,48.93993884940715
3,59.75119550904429,48.9286847000234,61.21331493397089,48.93993884940715
4,60.79385882793484,60.54784123765812,65.22974565111927,51.36479439016891,66.55260666548996,50.92556267807318
4,65.22974565111927,51.36479439016891,66.55260666548996,50.92556267807318
