epoch,train_acc,train_f1,val_acc,val_f1,test_acc,test_f1
0,55.31417893015651,55.37809593319535,51.20243953149907,44.55622750912229,52.64437348566294,45.01765657498982
0,51.20243953149907,44.55622750912229,52.64437348566294,45.01765657498982
1,53.422097640738144,52.9491820377566,49.57030979277843,41.03990227745012,51.02654001059033,41.66121260781714
1,49.57030979277843,41.03990227745012,51.02654001059033,41.66121260781714
2,56.66900256949311,56.17568509474092,52.97317901448472,44.374584118286904,54.293496574188474,44.604997754079555
2,52.97317901448472,44.374584118286904,54.293496574188474,44.604997754079555
3,57.6267227283345,57.19124688559402,51.63906022593388,44.47242646751452,53.086840711798594,44.75354768664512
3,51.63906022593388,44.47242646751452,53.086840711798594,44.75354768664512
4,58.467647745853775,58.01937177099647,52.98010950169797,45.13907556150545,54.455961874809454,45.472634881869986
4,52.98010950169797,45.13907556150545,54.455961874809454,45.472634881869986
