epoch,train_acc,train_f1,val_acc,val_f1,test_acc,test_f1
0,57.79352226720648,58.01729639068406,51.20243953149907,44.55622750912229,52.592224129908054,45.009220027991695
0,51.20243953149907,44.55622750912229,52.592224129908054,45.009220027991695
1,56.2246963562753,56.05653003870093,51.060364543627415,43.01843551425257,52.34110492450378,43.487692759272846
1,51.060364543627415,43.01843551425257,52.34110492450378,43.487692759272846
2,59.438259109311744,59.36407594204466,53.312772887934024,44.807755262113574,54.33962869658703,44.831390795612144
2,53.312772887934024,44.807755262113574,54.33962869658703,44.831390795612144
3,60.45040485829959,60.48255948689596,58.74627486312288,47.98589677420323,59.69657097928467,47.66844387133236
3,58.74627486312288,47.98589677420323,59.69657097928467,47.66844387133236
4,60.90587044534413,60.91144309850552,58.18490539884954,47.947788735976225,58.95966046757915,47.48503792285703
4,58.18490539884954,47.947788735976225,58.95966046757915,47.48503792285703
