epoch,train_acc,train_f1,val_acc,val_f1,test_acc,test_f1
0,55.84697298363242,56.00193805138777,57.73494093052652,46.584224013064954,58.87998676986956,45.426474515492075
0,57.73494093052652,46.584224013064954,58.87998676986956,45.426474515492075
1,58.83454939854072,58.96117743978995,64.59234770771549,48.015308373045755,66.14533652667731,46.97916697476991
1,64.59234770771549,48.015308373045755,66.14533652667731,46.97916697476991
2,60.02267797278643,60.054704336451316,64.27390733628276,49.205103649626075,65.43067323054389,47.900828816247056
2,64.27390733628276,49.205103649626075,65.43067323054389,47.900828816247056
3,60.974166830999806,60.95664677147767,66.1967037775293,47.48214302747639,67.92431656630865,46.9954163220157
3,66.1967037775293,47.48214302747639,67.92431656630865,46.9954163220157
4,61.35870636955236,61.327510173272394,66.48111235354173,48.71980637545647,68.12513104621391,48.03264339527753
4,66.48111235354173,48.71980637545647,68.12513104621391,48.03264339527753
