epoch,train_acc,train_f1,val_acc,val_f1,test_acc,test_f1
0,52.22755311857436,52.31817857247749,57.73494093052652,46.584224013064954,58.39505041501093,46.7189255613881
0,57.73494093052652,46.584224013064954,58.39505041501093,46.7189255613881
1,49.874343157413755,49.97806314569971,46.4412465360494,39.956267625094995,46.926086678829584,39.76385449708708
1,46.4412465360494,39.956267625094995,46.926086678829584,39.76385449708708
2,53.027187571395935,53.33808770546528,54.796052311731245,44.25178220338726,54.926675386200365,43.74917392334298
2,54.796052311731245,44.25178220338726,54.926675386200365,43.74917392334298
3,54.169522503998174,54.52627253475494,59.21046234624921,46.46235575223095,59.70353585422273,46.414063959115516
3,59.21046234624921,46.46235575223095,59.70353585422273,46.414063959115516
4,55.92871830020562,56.27457428291363,51.48767562837279,44.23916559458969,51.42803191238257,43.6846400245392
4,51.48767562837279,44.23916559458969,51.42803191238257,43.6846400245392
