epoch,train_acc,train_f1,val_acc,val_f1,test_acc,test_f1
0,57.80105603815364,57.79151280221981,51.20243953149907,44.55622750912229,52.55230603088756,44.827734066996605
0,51.20243953149907,44.55622750912229,52.55230603088756,44.827734066996605
1,59.913132345426675,59.94332055069942,56.680989673574054,47.242734349660715,58.41374224079651,47.576553005873166
1,56.680989673574054,47.242734349660715,58.41374224079651,47.576553005873166
2,60.68812808720831,60.824281486673456,54.338484995495186,46.40268364206677,55.41454120828468,46.236051525240256
2,54.338484995495186,46.40268364206677,55.41454120828468,46.236051525240256
3,61.769715551013455,61.87827047318096,51.670247418393515,45.000986635170825,53.147580708886096,45.23878152322784
3,51.670247418393515,45.000986635170825,53.147580708886096,45.23878152322784
4,62.23811957077159,62.392671373416334,57.83838103818699,48.35388927947369,59.29524043653476,48.40424671112995
4,57.83838103818699,48.35388927947369,59.29524043653476,48.40424671112995
