epoch,train_acc,train_f1,val_acc,val_f1,test_acc,test_f1
0,56.737588652482266,56.83533220047664,51.20243953149907,44.55622750912229,52.55571958087964,45.13696364401656
0,51.20243953149907,44.55622750912229,52.55571958087964,45.13696364401656
1,55.78168362627197,55.65969553817286,48.7386513271883,41.88195271588411,50.27719388328172,42.738797356022836
1,48.7386513271883,41.88195271588411,50.27719388328172,42.738797356022836
2,57.230958988590814,57.14339533313936,53.3231686187539,44.176127261034495,54.4748158726593,44.35065846618382
2,53.3231686187539,44.176127261034495,54.4748158726593,44.35065846618382
3,58.83441258094357,58.862693187383506,51.621734007900756,44.36694137671163,52.79039168177661,44.692234506537915
3,51.621734007900756,44.36694137671163,52.79039168177661,44.692234506537915
4,59.543632439099596,59.50665355988214,56.31713909487837,47.08294763423444,57.37391890374031,47.294484428293956
4,56.31713909487837,47.08294763423444,57.37391890374031,47.294484428293956
