epoch,train_acc,train_f1,val_acc,val_f1,test_acc,test_f1
0,53.14211807668898,53.26767203329034,57.73494093052652,46.584224013064954,58.646096963862256,46.61959125984408
0,57.73494093052652,46.584224013064954,58.646096963862256,46.61959125984408
1,55.35605599513086,55.618516018596964,55.27492829014536,45.50734908466971,55.767362331337985,45.24208742640569
1,55.27492829014536,45.50734908466971,55.767362331337985,45.24208742640569
2,56.816798539257455,57.02226119728716,59.10107443239827,47.884512910843746,59.5435604997918,47.571763086586486
2,59.10107443239827,47.884512910843746,59.5435604997918,47.571763086586486
3,57.31132075471698,57.47499603878886,60.34080412270893,48.48107521140903,60.49683864851855,47.989867137034395
3,60.34080412270893,48.48107521140903,60.49683864851855,47.989867137034395
4,58.18624467437614,58.302114257978296,57.82974378919734,47.81358065537146,57.97957007982376,47.33493896709147
4,57.82974378919734,47.81358065537146,57.97957007982376,47.33493896709147
