epoch,train_acc,train_f1,val_acc,val_f1,test_acc,test_f1
0,56.20770611793951,55.911268767457365,55.32838958578788,45.6790480233421,54.08055496881636,44.35908688735501
0,55.32838958578788,45.6790480233421,54.08055496881636,44.35908688735501
1,59.595820098513094,59.358699968638525,70.05105458913762,48.55658646256841,69.02897132883459,47.29817648445587
1,70.05105458913762,48.55658646256841,69.02897132883459,47.29817648445587
2,60.797311605211064,60.44082633761452,71.28930163790514,48.986305381267506,70.2201754288446,47.3309714757226
2,71.28930163790514,48.986305381267506,70.2201754288446,47.3309714757226
3,61.63973668461999,61.27948939066926,67.13100930995449,49.757630160596754,66.35112450111727,48.69007262770291
3,67.13100930995449,49.757630160596754,66.35112450111727,48.69007262770291
4,62.25199097730516,61.869063550235815,67.58149097881581,49.8377173467329,66.97785460973196,48.927611881398654
4,67.58149097881581,49.8377173467329,66.97785460973196,48.927611881398654
