epoch,train_acc,train_f1,val_acc,val_f1,test_acc,test_f1
0,57.89742281194182,57.914387036315226,51.20243953149907,44.55622750912229,52.530447200783044,44.98845034791203
0,51.20243953149907,44.55622750912229,52.530447200783044,44.98845034791203
1,56.5450369992345,56.33410550546151,49.00894032850509,41.507390476030864,50.25192150318512,42.05282680512929
1,49.00894032850509,41.507390476030864,50.25192150318512,42.05282680512929
2,60.21944373564685,59.87307434836152,48.55499341603715,42.247962289089386,49.58882238731728,42.217304126272964
2,48.55499341603715,42.247962289089386,49.58882238731728,42.217304126272964
3,61.061495279408014,60.9519446077175,53.9469124679465,45.535421629639636,54.90564978097271,45.29917115947708
3,53.9469124679465,45.535421629639636,54.90564978097271,45.29917115947708
4,61.77596325593264,61.587454572753245,49.89257744819461,43.37374409603509,51.406428009820125,43.82724245042722
4,49.89257744819461,43.37374409603509,51.406428009820125,43.82724245042722
