epoch,train_acc,train_f1,val_acc,val_f1,test_acc,test_f1
0,49.88429602069059,49.829882682960545,57.73494093052652,46.584224013064954,59.45850966124369,45.845377513863276
0,57.73494093052652,46.584224013064954,59.45850966124369,45.845377513863276
1,53.01057216752121,52.853886917914515,55.60552287422821,46.01376581581047,55.902616789862414,44.79552393145276
1,55.60552287422821,46.01376581581047,55.902616789862414,44.79552393145276
2,54.072326330595764,53.808313283314,59.81088045116437,47.509029845230216,60.30133984602254,46.45341832351422
2,59.81088045116437,47.509029845230216,60.30133984602254,46.45341832351422
3,55.32011434275602,54.91401670243459,49.07627983859206,43.01430764477827,46.94717693232257,40.32453162832258
3,49.07627983859206,43.01430764477827,46.94717693232257,40.32453162832258
4,56.35464404011071,55.915957238727486,51.477952258252714,44.714677537627864,49.978294317245535,42.343265292387585
4,51.477952258252714,44.714677537627864,49.978294317245535,42.343265292387585
