epoch,train_acc,train_f1,val_acc,val_f1,test_acc,test_f1
0,53.106646058732615,53.283652376801115,57.73494093052652,46.584224013064954,58.37977734642929,46.82534181365415
0,57.73494093052652,46.584224013064954,58.37977734642929,46.82534181365415
1,50.57187017001546,50.545174954550575,46.591958772910694,40.169819746865244,47.17739808003643,40.32968277880309
1,46.591958772910694,40.169819746865244,47.17739808003643,40.32968277880309
2,52.7047913446677,52.730480061234395,44.272934999270745,38.382144909452045,44.56264873886107,38.22262611053994
2,44.272934999270745,38.382144909452045,44.56264873886107,38.22262611053994
3,54.65224111282844,54.7213956250585,39.72482862560163,36.96312557713807,39.33481620944653,36.37605260148216
3,39.72482862560163,36.96312557713807,39.33481620944653,36.37605260148216
4,56.50695517774343,56.70342751053724,52.9534736739754,43.7774339369239,52.99671490179417,43.60582726883066
4,52.9534736739754,43.7774339369239,52.99671490179417,43.60582726883066
