epoch,train_acc,train_f1,val_acc,val_f1,test_acc,test_f1
0,57.97558412159431,58.01006721056255,51.20243953149907,44.55622750912229,52.45572754330667,44.70368973429859
0,51.20243953149907,44.55622750912229,52.45572754330667,44.70368973429859
1,60.231223219338666,60.26159198202299,52.713285743987804,45.16660665129796,53.971131812075825,45.24600581135332
1,52.713285743987804,45.16660665129796,53.971131812075825,45.24600581135332
2,60.96693346268898,61.01963236494438,54.73698801025712,46.604324068722704,55.80348911736042,46.45587881819442
2,54.73698801025712,46.604324068722704,55.80348911736042,46.45587881819442
3,61.09628910987145,61.10056241861134,57.377503638505786,48.20681965533067,58.55070809591122,47.93100150548515
3,57.377503638505786,48.20681965533067,58.55070809591122,47.93100150548515
4,61.70264370603929,61.746251287352415,53.23653752858826,45.957715268721394,54.92242991474753,46.21259899930741
4,53.23653752858826,45.957715268721394,54.92242991474753,46.21259899930741
