epoch,train_acc,train_f1,val_acc,val_f1,test_acc,test_f1
0,50.00816859990198,49.87574055731507,55.32838958578788,45.6790480233421,53.95574018998463,45.477419820339264
0,55.32838958578788,45.6790480233421,53.95574018998463,45.477419820339264
1,52.21369057343571,52.048458571939385,54.616859565227436,44.30916144322236,53.3648575639795,44.34835231703944
1,54.616859565227436,44.30916144322236,53.3648575639795,44.34835231703944
2,53.40630615912433,53.275774157230316,55.65874280961952,45.52736356855089,53.93213635672211,45.32711151776952
2,55.65874280961952,45.52736356855089,53.93213635672211,45.32711151776952
3,54.435549746773404,54.275175673202625,56.626700857070254,46.143693315092854,54.92690679633039,46.045930042481295
3,56.626700857070254,46.143693315092854,54.92690679633039,46.045930042481295
4,55.59549093285411,55.45801151940714,62.884930810635986,48.841715707608756,61.12579794069668,48.78641215342188
4,62.884930810635986,48.841715707608756,61.12579794069668,48.78641215342188
