epoch,train_acc,train_f1,val_acc,val_f1,test_acc,test_f1
0,53.829923273657286,54.00889506500404,57.73494093052652,46.584224013064954,58.49460015769843,46.21386331011985
0,57.73494093052652,46.584224013064954,58.49460015769843,46.21386331011985
1,56.37468030690537,56.66382042887729,58.16520005834022,46.670675241208606,58.6779910283178,46.00918788920384
1,58.16520005834022,46.670675241208606,58.6779910283178,46.00918788920384
2,58.04347826086956,58.257002301635566,64.79167679517721,49.06798921359726,65.3482802307004,48.433196037803164
2,64.79167679517721,49.06798921359726,65.3482802307004,48.433196037803164
3,58.60613810741688,58.77299147361771,59.50702513491176,47.96167148440737,59.67999621996273,47.32027556689247
3,59.50702513491176,47.96167148440737,59.67999621996273,47.32027556689247
4,59.48849104859335,59.629105995939256,54.499489523068696,46.467199289416406,54.55125346626465,45.68174844898327
4,54.499489523068696,46.467199289416406,54.55125346626465,45.68174844898327
