epoch,train_acc,train_f1,val_acc,val_f1,test_acc,test_f1
0,58.527237886668495,58.1452959707074,51.20243953149907,44.55622750912229,53.234940340834264,43.81399732290472
0,51.20243953149907,44.55622750912229,53.234940340834264,43.81399732290472
1,60.826717766219545,60.4037525420965,67.46136253378613,51.619462738361165,69.92721493981404,49.86521237759883
1,67.46136253378613,51.619462738361165,69.92721493981404,49.86521237759883
2,61.37968792773063,60.99923735645504,63.368909834361354,50.866647737939864,65.98681264651395,49.42553519356645
2,63.368909834361354,50.866647737939864,65.98681264651395,49.42553519356645
3,61.74650971803997,61.40486574606049,64.40501767274239,51.20952541873889,67.0759545905511,49.95637656023932
3,64.40501767274239,51.20952541873889,67.0759545905511,49.95637656023932
4,62.310429783739394,61.98467495496857,64.91094323930972,51.444909598310616,67.38324977830847,49.994367666902775
4,64.91094323930972,51.444909598310616,67.38324977830847,49.994367666902775
