epoch,train_acc,train_f1,val_acc,val_f1,test_acc,test_f1
0,54.84954790256435,54.57736196666233,55.32838958578788,45.6790480233421,54.251759291169634,44.75055653479365
0,55.32838958578788,45.6790480233421,54.251759291169634,44.75055653479365
1,57.359553337615495,57.12932721145726,64.05849331207983,49.22750118352593,62.800580315949794,48.39219202821172
1,64.05849331207983,49.22750118352593,62.800580315949794,48.39219202821172
2,58.411976876327884,58.168747889648245,67.32044262711669,50.025196328559076,66.3730808996009,49.34989279097386
2,67.32044262711669,50.025196328559076,66.3730808996009,49.34989279097386
3,59.3754632145857,59.12536834331967,67.9464966387137,50.472415168572226,67.1457237829485,49.86511453007016
3,67.9464966387137,50.472415168572226,67.1457237829485,49.86511453007016
4,59.98814170660606,59.73176603376912,56.03067895673066,46.38687203157066,54.84541583751153,45.65458951292221
4,56.03067895673066,46.38687203157066,54.84541583751153,45.65458951292221
