epoch,train_acc,train_f1,val_acc,val_f1,test_acc,test_f1
0,53.029608112928706,53.15715026433683,57.73494093052652,46.584224013064954,59.07076052577956,45.80163629552486
0,57.73494093052652,46.584224013064954,59.07076052577956,45.80163629552486
1,55.9190745553687,56.02341312228114,61.235354173756626,47.93367628388074,62.381541605511764,47.135027268988125
1,61.235354173756626,47.93367628388074,62.381541605511764,47.135027268988125
2,57.21857004535494,57.22255621320018,66.91137148135543,47.618873569368894,68.49870504192002,47.589580118345
2,66.91137148135543,47.618873569368894,68.49870504192002,47.589580118345
3,58.62508281098711,58.572124491739395,58.42773105158248,47.85020933858857,59.12834703104651,46.864576680766405
3,58.42773105158248,47.85020933858857,59.12834703104651,46.864576680766405
4,59.537277684349995,59.3912176638028,59.0232874714376,47.74304731260151,58.926646604906374,46.32611929690918
4,59.0232874714376,47.74304731260151,58.926646604906374,46.32611929690918
