epoch,train_acc,train_f1,val_acc,val_f1,test_acc,test_f1
0,57.159361686764385,57.06103362017123,51.20243953149907,44.55622750912229,52.88594080616698,44.66430913156072
0,51.20243953149907,44.55622750912229,52.88594080616698,44.66430913156072
1,59.64329554480468,59.50778844370602,52.12419433086146,45.01796847333088,53.70729694372986,44.933466269005066
1,52.12419433086146,45.01796847333088,53.70729694372986,44.933466269005066
2,60.19929236767997,60.10156848672518,56.559706147342155,47.61041045339251,58.249997805034376,47.41781992377621
2,56.559706147342155,47.61041045339251,58.249997805034376,47.41781992377621
3,60.80583435627121,60.73361514238197,61.72291912121422,50.26100001028612,63.228179846703604,49.70915946631476
3,61.72291912121422,50.26100001028612,63.228179846703604,49.70915946631476
4,61.64343995956387,61.56485001561883,58.37202855360732,48.57874535693603,60.29175483111934,48.469840783606564
4,58.37202855360732,48.57874535693603,60.29175483111934,48.469840783606564
