epoch,train_acc,train_f1,val_acc,val_f1,test_acc,test_f1
0,52.33469665985003,52.29840701416562,57.73494093052652,46.584224013064954,58.598876457536704,46.55328301998681
0,57.73494093052652,46.584224013064954,58.598876457536704,46.55328301998681
1,54.37968643490116,54.60766298316969,52.30686956098984,42.498921421020675,53.22358939327041,42.61084774102744
1,52.30686956098984,42.498921421020675,53.22358939327041,42.61084774102744
2,56.884798909338784,57.147619821785945,62.09101074432398,46.106727902785835,63.43655150772956,46.89241779557274
2,62.09101074432398,46.106727902785835,63.43655150772956,46.89241779557274
3,58.12883435582822,58.33683961472488,64.29821576158297,47.830715097616604,65.32624662951146,48.02766741136934
3,64.29821576158297,47.830715097616604,65.32624662951146,48.02766741136934
4,58.92978868438991,59.0871337329738,62.71330643200933,47.27498372490506,63.808103612497256,47.760937072135825
4,62.71330643200933,47.27498372490506,63.808103612497256,47.760937072135825
