epoch,train_acc,train_f1,val_acc,val_f1,test_acc,test_f1
0,52.760294910987234,52.831041651960696,55.32838958578788,45.6790480233421,53.54498560327289,45.577259415497366
0,55.32838958578788,45.6790480233421,53.54498560327289,45.577259415497366
1,55.87124617874483,55.972592242162364,51.54203340494837,43.494574039336236,49.328801236228614,43.06373605829741
1,51.54203340494837,43.494574039336236,49.328801236228614,43.06373605829741
2,56.09602589462327,56.193933672916884,50.463187562085615,43.286520475034145,48.38884503785394,42.974187397241295
2,50.463187562085615,43.286520475034145,48.38884503785394,42.974187397241295
3,57.19295090811005,57.28522269647765,59.052371381708134,47.61405296499332,56.63222198752654,47.28386002028086
3,59.052371381708134,47.61405296499332,56.63222198752654,47.28386002028086
4,58.23592878978601,58.314186300295624,56.85540693510754,46.37602308048673,55.006892641549285,46.451056748383195
4,56.85540693510754,46.37602308048673,55.006892641549285,46.451056748383195
