epoch,train_acc,train_f1,val_acc,val_f1,test_acc,test_f1
0,49.78130125751777,49.7737879887765,57.73494093052652,46.584224013064954,59.481248947938845,45.88484646536351
0,57.73494093052652,46.584224013064954,59.481248947938845,45.88484646536351
1,52.528704209950796,52.35691949814102,56.298312995284164,45.747500521902104,56.70233092454396,44.646309317109136
1,56.298312995284164,45.747500521902104,56.70233092454396,44.646309317109136
2,54.14616365955896,53.87397077708626,49.28290145364383,43.322708891510246,48.20551590125834,41.21269580310494
2,49.28290145364383,43.322708891510246,48.20551590125834,41.21269580310494
3,55.20776380535812,54.80941848525154,59.808449608634355,47.71444253723665,60.305769577196926,46.63223316888752
3,59.808449608634355,47.71444253723665,60.305769577196926,46.63223316888752
4,56.37415709859668,55.85669577480367,59.708785064903495,48.5689030075669,59.482134894173726,46.54161828564429
4,59.708785064903495,48.5689030075669,59.482134894173726,46.54161828564429
