epoch,train_acc,train_f1,val_acc,val_f1,test_acc,test_f1
0,55.38906414300736,55.40912032982695,55.32838958578788,45.6790480233421,53.76140196278987,45.59755866306796
0,55.32838958578788,45.6790480233421,53.76140196278987,45.59755866306796
1,52.47108307045215,52.352319511555656,47.397602051424215,39.959433064430286,46.374713475690676,40.23577159862392
1,47.397602051424215,39.959433064430286,46.374713475690676,40.23577159862392
2,56.072555205047315,56.05072165024446,53.46870885023217,43.33468170035019,51.88830666100175,43.26764897039012
2,53.46870885023217,43.33468170035019,51.88830666100175,43.26764897039012
3,58.412197686645634,58.48712655877822,59.992607480305864,47.10686681544593,57.85745382827949,46.81174871399063
3,59.992607480305864,47.10686681544593,57.85745382827949,46.81174871399063
4,58.569926393270244,58.584800830407794,59.74079977822441,46.8975019612572,57.736549749012575,46.8390019746088
4,59.74079977822441,46.8975019612572,57.736549749012575,46.8390019746088
