epoch,train_acc,train_f1,val_acc,val_f1,test_acc,test_f1
0,56.89600507292327,57.01309219169598,51.20243953149907,44.55622750912229,52.52772241586697,44.73604416404002
0,51.20243953149907,44.55622750912229,52.52772241586697,44.73604416404002
1,58.893468611287254,59.0374824390692,53.87067710860074,45.89505311293649,54.651132163270326,45.554993009171355
1,53.87067710860074,45.89505311293649,54.651132163270326,45.554993009171355
2,59.0282181357007,59.17481245054058,63.254556795342715,50.936166085251955,64.4253140995812,50.38941988810093
2,63.254556795342715,50.936166085251955,64.4253140995812,50.38941988810093
3,59.67818642993025,59.8956285974721,57.107214637188996,48.1286896584983,57.63452944326892,47.31858080124561
3,57.107214637188996,48.1286896584983,57.63452944326892,47.31858080124561
4,60.41534559289791,60.588704111582814,50.557904220666714,44.36799475788859,51.768264308980925,44.396327830207724
4,50.557904220666714,44.36799475788859,51.768264308980925,44.396327830207724
