epoch,train_acc,train_f1,val_acc,val_f1,test_acc,test_f1
0,54.310776942355886,54.5080144183182,57.73494093052652,46.584224013064954,58.59884649800219,46.19705347135049
0,57.73494093052652,46.584224013064954,58.59884649800219,46.19705347135049
1,56.91102756892231,57.19179683857342,63.54708541980651,48.06692470586054,64.63214035750883,47.736831621793115
1,63.54708541980651,48.06692470586054,64.63214035750883,47.736831621793115
2,57.63157894736842,57.829334250649744,60.311634012348684,48.3719366277934,60.54763289931812,47.42092519142667
2,60.311634012348684,48.3719366277934,60.54763289931812,47.42092519142667
3,58.27694235588972,58.44390158920207,62.37785016286645,45.25726293644315,63.9511430183007,46.04592423036824
3,62.37785016286645,45.25726293644315,63.9511430183007,46.04592423036824
4,59.12907268170426,59.26741111828816,62.6282269434586,49.27364518009532,62.88505438233305,48.657795334331425
4,62.6282269434586,49.27364518009532,62.88505438233305,48.657795334331425
