epoch,train_acc,train_f1,val_acc,val_f1,test_acc,test_f1
0,59.74821367812181,59.59643179410384,51.20243953149907,44.55622750912229,52.63434476340238,44.604537209713335
0,51.20243953149907,44.55622750912229,52.63434476340238,44.604537209713335
1,60.75195644777135,60.30405418047275,64.49511400651465,48.0822671002109,65.72664110011071,47.52843030763401
1,64.49511400651465,48.0822671002109,65.72664110011071,47.52843030763401
2,62.26607689690371,61.78172751360339,63.368909834361354,50.156886795844756,64.3763739349497,49.33834923227718
2,63.368909834361354,50.156886795844756,64.3763739349497,49.33834923227718
3,63.09969377339231,62.606074139920395,65.7356712176866,51.141488642677714,66.63724908136903,50.052421370777886
3,65.7356712176866,51.141488642677714,66.63724908136903,50.052421370777886
4,64.03538618577747,63.59749678174035,70.83650980663941,53.099000388943566,71.73665377641565,51.6937061113865
4,70.83650980663941,53.099000388943566,71.73665377641565,51.6937061113865
