epoch,train_acc,train_f1,val_acc,val_f1,test_acc,test_f1
0,51.83763963503027,51.94197963120275,57.73494093052652,46.584224013064954,59.20955876924349,45.32470572790422
0,57.73494093052652,46.584224013064954,59.20955876924349,45.32470572790422
1,54.80941417242261,54.8735737013695,64.3371092420633,48.57601498951712,65.92857501454428,47.13635899099067
1,64.3371092420633,48.57601498951712,65.92857501454428,47.13635899099067
2,56.288905943549075,56.21128933243359,64.44892799844426,49.47815329055279,65.53078515508489,48.070163809824564
2,64.44892799844426,49.47815329055279,65.53078515508489,48.070163809824564
3,57.3804041954464,57.25558471312557,67.02805192279644,49.51752382902897,67.94026359853642,48.22366499611654
3,67.02805192279644,49.51752382902897,67.94026359853642,48.22366499611654
4,58.38662914641426,58.22638450457413,63.889834216539455,49.340633817685635,64.64129513526922,47.8618164220664
4,63.889834216539455,49.340633817685635,64.64129513526922,47.8618164220664
