epoch,train_acc,train_f1,val_acc,val_f1,test_acc,test_f1
0,56.86777275012569,56.393253188065316,51.20243953149907,44.55622750912229,53.543991501093096,43.59021346341742
0,51.20243953149907,44.55622750912229,53.543991501093096,43.59021346341742
1,58.36601307189542,57.76795501395665,66.19308337376117,50.84574195457665,68.70286311316364,48.438333626393096
1,66.19308337376117,50.84574195457665,68.70286311316364,48.438333626393096
2,59.10005027652087,58.592214260781105,57.00672257259686,47.819466407255135,58.82024987488696,46.1054638474712
2,57.00672257259686,47.819466407255135,58.82024987488696,46.1054638474712
3,60.256410256410255,59.84085906171558,61.79568923695336,50.04324624313903,64.2325961175448,48.3297536601587
3,61.79568923695336,50.04324624313903,64.2325961175448,48.3297536601587
4,60.623428858722974,60.23737261339082,62.33973248319357,50.10895871261566,64.55481707156466,47.997602945714476
4,62.33973248319357,50.10895871261566,64.55481707156466,47.997602945714476
