epoch,train_acc,train_f1,val_acc,val_f1,test_acc,test_f1
0,55.179552512142685,55.28430246915327,55.32838958578788,45.6790480233421,53.79234249758202,45.476809581887885
0,55.32838958578788,45.6790480233421,53.79234249758202,45.476809581887885
1,58.04602277251374,58.216784741580256,56.61283988264375,46.47130011951952,54.58666385031851,46.025405374352744
1,56.61283988264375,46.47130011951952,54.58666385031851,46.025405374352744
2,58.50784298112907,58.67594827854239,55.46468916764849,45.997540745988694,53.998565885871194,46.014641049331175
2,55.46468916764849,45.997540745988694,53.998565885871194,46.014641049331175
3,59.26427263317143,59.42395218753938,57.62931134058724,46.96910107135984,55.916832497693186,46.91099932801091
3,57.62931134058724,46.96910107135984,55.916832497693186,46.91099932801091
4,59.75794251134644,59.87395749575636,57.62238085337399,47.10264798790289,56.142788851708154,47.245944015846206
4,57.62238085337399,47.10264798790289,56.142788851708154,47.245944015846206
