epoch,train_acc,train_f1,val_acc,val_f1,test_acc,test_f1
0,50.08472308927138,50.13328691972577,57.73494093052652,46.584224013064954,59.43931415948804,45.75137003075995
0,57.73494093052652,46.584224013064954,59.43931415948804,45.75137003075995
1,53.17042718273433,53.0947127161893,61.604842238319804,47.780015352933304,62.74271235392961,46.74191827759642
1,61.604842238319804,47.780015352933304,62.74271235392961,46.74191827759642
2,54.32979577276376,54.07067881568772,51.04769313043901,44.551406728583466,49.82354904155383,42.304305868546074
2,51.04769313043901,44.551406728583466,49.82354904155383,42.304305868546074
3,55.47578703290823,55.11915566643647,56.12329233312266,46.75136281034011,55.82347225954681,44.99893570770405
3,56.12329233312266,46.75136281034011,55.82347225954681,44.99893570770405
4,56.59948274324445,56.23595048542862,58.038796246779135,46.60975282291169,57.890680140924516,45.084803890680455
4,58.038796246779135,46.60975282291169,57.890680140924516,45.084803890680455
