epoch,train_acc,train_f1,val_acc,val_f1,test_acc,test_f1
0,52.44498777506112,52.44705507102248,55.32838958578788,45.6790480233421,53.77267934979307,45.59301294597357
0,55.32838958578788,45.6790480233421,53.77267934979307,45.59301294597357
1,51.075794621026894,51.10636933671686,50.33150830503384,41.106270340486745,49.0209654492334,41.27410582879052
1,50.33150830503384,41.106270340486745,49.0209654492334,41.27410582879052
2,54.52322738386308,54.58427101823836,49.73779656709867,41.447460285287804,48.401758223313244,41.69195995016864
2,49.73779656709867,41.447460285287804,48.401758223313244,41.69195995016864
3,55.81907090464548,55.889825286785346,54.42973641046966,45.03266345505389,52.54134604793152,44.80631723982517
3,54.42973641046966,45.03266345505389,52.54134604793152,44.80631723982517
4,56.821515892420535,56.93508137887754,57.46528980987363,45.41170412055861,55.28883223968906,45.05327833348856
4,57.46528980987363,45.41170412055861,55.28883223968906,45.05327833348856
