epoch,train_acc,train_f1,val_acc,val_f1,test_acc,test_f1
0,53.8207136640557,53.941289419376446,55.32838958578788,45.6790480233421,53.70729619459483,45.58869513841093
0,55.32838958578788,45.6790480233421,53.70729619459483,45.58869513841093
1,57.05831157528286,57.302047525135045,57.22272275740985,46.43759486018187,55.15113784171382,46.15557310418017
1,57.22272275740985,46.43759486018187,55.15113784171382,46.15557310418017
2,57.83289817232376,58.05448670921246,59.97181601866611,48.08248219737888,57.7964669653478,47.82049659548971
2,59.97181601866611,48.08248219737888,57.7964669653478,47.82049659548971
3,58.42471714534378,58.60525468645768,64.52514611777208,47.969939541243406,62.64077108648042,48.14258613888447
3,64.52514611777208,47.969939541243406,62.64077108648042,48.14258613888447
4,58.80765883376849,58.95440852565853,59.52133434980479,48.085656882349646,57.71142066236062,48.08217031601642
4,59.52133434980479,48.085656882349646,57.71142066236062,48.08217031601642
