epoch,train_acc,train_f1,val_acc,val_f1,test_acc,test_f1
0,54.55307262569833,54.689460165003055,57.73494093052652,46.584224013064954,58.31007661526585,46.743287579283475
0,57.73494093052652,46.584224013064954,58.31007661526585,46.743287579283475
1,52.23463687150838,52.22177643620164,45.82381253342408,39.88071332062592,46.07745945000291,39.70996582451678
1,45.82381253342408,39.88071332062592,46.07745945000291,39.70996582451678
2,53.547486033519554,53.695295131598044,42.549467645485926,38.476583474482865,42.99007805926506,38.55679683746766
2,42.549467645485926,38.476583474482865,42.99007805926506,38.55679683746766
3,56.39664804469274,56.650369473398975,54.83008410715154,44.66474360759634,55.279622116514076,44.76341886458384
3,54.83008410715154,44.66474360759634,55.279622116514076,44.76341886458384
4,57.6536312849162,57.91265051233493,61.24021585881667,46.948100965392,62.23747677799345,47.66448043655018
4,61.24021585881667,46.948100965392,62.23747677799345,47.66448043655018
