epoch,train_acc,train_f1,val_acc,val_f1,test_acc,test_f1
0,51.4947520810713,51.62328515356577,57.73494093052652,46.584224013064954,58.37352083893202,46.56259514154235
0,57.73494093052652,46.584224013064954,58.37352083893202,46.56259514154235
1,54.54940282301846,54.799884154754174,53.84559288249307,45.298995040318076,54.187129563730544,45.059699388266786
1,53.84559288249307,45.298995040318076,54.187129563730544,45.059699388266786
2,55.9247195077814,56.072424651372025,53.70703485828188,45.143717329638925,54.44789307219576,45.27860843209477
2,53.70703485828188,45.143717329638925,54.44789307219576,45.27860843209477
3,56.44589214621788,56.552271640432004,47.77334824250085,43.134312774797465,47.40373455869541,42.330561343405584
3,47.77334824250085,43.134312774797465,47.40373455869541,42.330561343405584
4,57.3362287368802,57.42140076894503,56.92303952549954,47.34537281634424,56.91407207467936,46.99968065193001
4,56.92303952549954,47.34537281634424,56.91407207467936,46.99968065193001
