epoch,train_acc,train_f1,val_acc,val_f1,test_acc,test_f1
0,58.322456550113344,58.19987095418239,55.32838958578788,45.6790480233421,53.530533290346966,45.00257420828935
0,55.32838958578788,45.6790480233421,53.530533290346966,45.00257420828935
1,61.2145359620801,61.1619333066468,61.60510083858895,47.89294830914137,59.59439027915198,47.34173638797499
1,61.60510083858895,47.89294830914137,59.59439027915198,47.34173638797499
2,62.251837603901905,62.17470543758113,62.0324808834061,48.56438932290764,59.856199486387034,47.84592571953133
2,62.0324808834061,48.56438932290764,59.856199486387034,47.84592571953133
3,63.13113965789655,63.05664123067084,60.46388061080694,48.12513801896518,58.52436326444398,47.59203470356822
3,60.46388061080694,48.12513801896518,58.52436326444398,47.59203470356822
4,63.399052002473034,63.32035886621414,63.22914500889412,48.87056742435953,61.35590488154662,48.50369867749896
4,63.22914500889412,48.87056742435953,61.35590488154662,48.50369867749896
