epoch,train_acc,train_f1,val_acc,val_f1,test_acc,test_f1
0,58.33885941644562,58.33516229012683,51.20243953149907,44.55622750912229,52.43553385953976,44.722964277440205
0,51.20243953149907,44.55622750912229,52.43553385953976,44.722964277440205
1,60.93335543766578,60.95669802433942,51.79153094462541,44.928195622057316,53.134410915125066,44.9963777788587
1,51.79153094462541,44.928195622057316,53.134410915125066,44.9963777788587
2,61.33123342175066,61.39291701735542,56.43149213389701,47.56450023837361,57.6714048657998,47.36586908718336
2,56.43149213389701,47.56450023837361,57.6714048657998,47.36586908718336
3,61.95291777188329,62.00694004191637,47.80650079700603,42.88908646033276,48.406893948040775,42.542820692535216
3,47.80650079700603,42.88908646033276,48.406893948040775,42.542820692535216
4,62.0026525198939,62.05937172529142,53.3647515420334,46.06677970808821,54.14804604159899,45.68428273414007
4,53.3647515420334,46.06677970808821,54.14804604159899,45.68428273414007
