epoch,train_acc,train_f1,val_acc,val_f1,test_acc,test_f1
0,50.42778422273782,50.58818821970149,57.73494093052652,46.584224013064954,58.368500476934386,46.60556952645646
0,57.73494093052652,46.584224013064954,58.368500476934386,46.60556952645646
1,53.1177494199536,53.41259675732432,56.303174680344206,45.77844843071614,56.83847132930326,45.827568006653394
1,56.303174680344206,45.77844843071614,56.83847132930326,45.827568006653394
2,54.480858468677496,54.70721365735799,49.722883951577614,43.82970784164379,49.38471033987851,43.06357791447372
2,49.722883951577614,43.82970784164379,49.38471033987851,43.06357791447372
3,55.74245939675174,55.88313964505801,45.928338762214985,41.96791446825117,45.33091568449683,40.99682125378077
3,45.928338762214985,41.96791446825117,45.33091568449683,40.99682125378077
4,56.30075406032483,56.30604286968678,51.37099518693179,44.730626548100005,51.30248862297377,44.322778947051205
4,51.37099518693179,44.730626548100005,51.30248862297377,44.322778947051205
