epoch,train_acc,train_f1,val_acc,val_f1,test_acc,test_f1
0,56.65373202465191,56.56781329441721,55.32838958578788,45.6790480233421,53.7120961777526,45.49353556289475
0,55.32838958578788,45.6790480233421,53.7120961777526,45.49353556289475
1,56.448299475005705,56.339357725789164,52.664772333495044,42.5432702377303,51.35486002926876,42.729478280200475
1,52.664772333495044,42.5432702377303,51.35486002926876,42.729478280200475
2,57.93197900022826,58.04189348235376,52.90964954836325,43.51755111523747,51.39629786988518,43.5641703841928
2,52.90964954836325,43.51755111523747,51.39629786988518,43.5641703841928
3,59.71239443049532,59.87340425151469,58.83521611569293,47.15568110410776,56.896253284866795,46.97998720641035
3,58.83521611569293,47.15568110410776,56.896253284866795,46.97998720641035
4,59.9406528189911,60.03664342798457,57.744819460808095,46.88234042666666,55.8545374435475,46.64264638568209
4,57.744819460808095,46.88234042666666,55.8545374435475,46.64264638568209
