epoch,train_acc,train_f1,val_acc,val_f1,test_acc,test_f1
0,52.6036794512005,52.872116540463985,51.20243953149907,44.55622750912229,52.562539112016815,45.18432215949761
0,51.20243953149907,44.55622750912229,52.562539112016815,45.18432215949761
1,51.356407857811035,51.40202473320797,48.36093977406612,41.44705940079111,49.81306461706327,42.16964201256497
1,48.36093977406612,41.44705940079111,49.81306461706327,42.16964201256497
2,54.00685999376364,54.089381953177885,44.604615704484026,39.70044837480824,45.416071629145875,39.77477520922829
2,44.604615704484026,39.70044837480824,45.416071629145875,39.77477520922829
3,54.599314000623636,54.70298538600208,45.314990643842265,40.35867260817327,46.34513245936362,40.48412717759365
3,45.314990643842265,40.35867260817327,46.34513245936362,40.48412717759365
4,56.00249454318678,56.1382977079094,51.65638644396701,44.226667417169146,52.857784695367535,44.415940222610715
4,51.65638644396701,44.226667417169146,52.857784695367535,44.415940222610715
