epoch,train_acc,train_f1,val_acc,val_f1,test_acc,test_f1
0,52.25127872631655,52.44237502596586,57.73494093052652,46.584224013064954,58.6815348132573,46.5751946459364
0,57.73494093052652,46.584224013064954,58.6815348132573,46.5751946459364
1,55.399466897197605,55.76806502482161,61.6972142544606,47.618436504467525,62.66445376984889,47.67284957586238
1,61.6972142544606,47.618436504467525,62.66445376984889,47.67284957586238
2,55.66601829839349,55.9343664313718,59.05975010938791,46.47310367509618,59.38822459327685,46.16659713393552
2,59.05975010938791,46.47310367509618,59.38822459327685,46.16659713393552
3,56.47287659390534,56.69087246985001,60.06611891681657,47.691712852197334,60.962255737240156,48.0088169285291
3,60.06611891681657,47.691712852197334,60.962255737240156,48.0088169285291
4,57.75520495641524,57.88066170159548,60.88531284943361,48.35941037301525,61.75222446333807,48.67403409355905
4,60.88531284943361,48.35941037301525,61.75222446333807,48.67403409355905
