epoch,train_acc,train_f1,val_acc,val_f1,test_acc,test_f1
0,54.51291627762216,54.57152750793366,57.73494093052652,46.584224013064954,58.05546614061148,46.36086925953997
0,57.73494093052652,46.584224013064954,58.05546614061148,46.36086925953997
1,58.341114223467166,58.45511621957758,50.53235451407458,43.683277299341,50.03351829921948,42.872925569883094
1,50.53235451407458,43.683277299341,50.03351829921948,42.872925569883094
2,59.352629940865235,59.46625573783342,57.6863240799261,46.277805783141915,57.25338948263693,45.31747546169236
2,57.6863240799261,46.277805783141915,57.25338948263693,45.31747546169236
3,60.17740429505135,60.269683967489705,58.15547668822014,47.51427200047233,57.88388788645713,46.90750783730679
3,58.15547668822014,47.51427200047233,57.88388788645713,46.90750783730679
4,60.49642079053844,60.58363300511146,52.25339102532938,45.57434306711286,51.008945103818135,44.17493137135611
4,52.25339102532938,45.57434306711286,51.008945103818135,44.17493137135611
