epoch,train_acc,train_f1,val_acc,val_f1,test_acc,test_f1
0,53.99195023783388,53.9954672604825,55.32838958578788,45.6790480233421,53.98050049471379,45.46242780052319
0,55.32838958578788,45.6790480233421,53.98050049471379,45.46242780052319
1,57.12403951701427,57.20281492333358,57.04946057707857,46.32822927322985,55.55302331269247,46.18644107015438
1,57.04946057707857,46.32822927322985,55.55302331269247,46.18644107015438
2,57.92901573362605,57.96881469685773,61.26781712754406,48.21886022235388,59.68944202954942,48.097895524285875
2,61.26781712754406,48.21886022235388,59.68944202954942,48.097895524285875
3,58.75594584705452,58.73974619431208,59.4543396400767,47.80081893260719,57.96794921679581,47.73863860546007
3,59.4543396400767,47.80081893260719,57.96794921679581,47.73863860546007
4,59.60482985729967,59.6134082884745,60.14738836140181,47.797900995255524,58.80145857188914,48.015803651148566
4,60.14738836140181,47.797900995255524,58.80145857188914,48.015803651148566
