epoch,train_acc,train_f1,val_acc,val_f1,test_acc,test_f1
0,53.15581854043393,53.27943188788856,57.73494093052652,46.584224013064954,59.051860339435535,45.83181944256579
0,57.73494093052652,46.584224013064954,59.051860339435535,45.83181944256579
1,56.2856846257656,56.38611000343398,57.60853711896544,47.230431117576515,58.19072059913591,46.06082526381658
1,57.60853711896544,47.230431117576515,58.19072059913591,46.06082526381658
2,58.03488009965743,58.03351632037447,65.0809470562497,49.40866837864666,66.32813676647343,48.65200383594659
2,65.0809470562497,49.40866837864666,66.32813676647343,48.65200383594659
3,58.97954946537943,58.95865379178772,67.19578005736788,48.98832136699156,68.33332841140981,48.01733048235004
3,67.19578005736788,48.98832136699156,68.33332841140981,48.01733048235004
4,60.225267310287556,60.10784600171869,63.4182507657154,49.67872792903209,64.23051139769831,48.348377040917576
4,63.4182507657154,49.67872792903209,64.23051139769831,48.348377040917576
