epoch,train_acc,train_f1,val_acc,val_f1,test_acc,test_f1
0,55.25679758308157,55.05077620166981,55.32838958578788,45.6790480233421,54.326800146746564,44.83009139022898
0,55.32838958578788,45.6790480233421,54.326800146746564,44.83009139022898
1,57.774420946626385,57.623452199374356,66.55577887125465,49.18824438943457,65.36503207301753,48.416049825381165
1,66.55577887125465,49.18824438943457,65.36503207301753,48.416049825381165
2,58.94259818731118,58.73131548937876,68.6649571464874,50.12551951642356,67.8786228057498,49.587864192174194
2,68.6649571464874,50.12551951642356,67.8786228057498,49.587864192174194
3,59.894259818731115,59.64845426251869,67.08018573705732,50.13264240569476,66.17547331324832,49.68340944885809
3,67.08018573705732,50.13264240569476,66.17547331324832,49.68340944885809
4,60.31722054380665,60.08975568605827,62.949615357959665,49.054843601356886,62.44594279107514,48.80408869198145
4,62.949615357959665,49.054843601356886,62.44594279107514,48.80408869198145
