epoch,train_acc,train_f1,val_acc,val_f1,test_acc,test_f1
0,58.34297999007772,57.92813312258058,51.20243953149907,44.55622750912229,53.25908496272948,43.85775473068867
0,51.20243953149907,44.55622750912229,53.25908496272948,43.85775473068867
1,60.807011741359354,60.38211878759555,59.695751611338274,48.87261240439364,61.964318638770116,47.568760001056646
1,59.695751611338274,48.87261240439364,61.964318638770116,47.568760001056646
2,61.044043878507246,60.65649480709839,64.90401275209648,51.30070280640228,67.81126807554193,49.92276111804144
2,64.90401275209648,51.30070280640228,67.81126807554193,49.92276111804144
3,61.9701229259688,61.63179627381884,62.05211726384365,50.36926572172593,64.51091775902789,48.97041567229052
3,62.05211726384365,50.36926572172593,64.51091775902789,48.97041567229052
4,62.67570696212998,62.37763460051294,67.44057107214637,52.341462789607284,70.29816413074971,50.85574864887993
4,67.44057107214637,52.341462789607284,70.29816413074971,50.85574864887993
