epoch,train_acc,train_f1,val_acc,val_f1,test_acc,test_f1
0,55.80188264273775,55.858573258202384,51.20243953149907,44.55622750912229,52.68137000974565,45.04242559108532
0,51.20243953149907,44.55622750912229,52.68137000974565,45.04242559108532
1,58.3707222662092,58.50678950094061,59.25913091690346,48.37688850902867,60.4484753768756,48.33406188821422
1,59.25913091690346,48.37688850902867,60.4484753768756,48.33406188821422
2,59.27685405120084,59.38790133076056,54.43204657287407,46.40683021429584,55.77583255046226,46.62895513988487
2,54.43204657287407,46.40683021429584,55.77583255046226,46.62895513988487
3,59.77830562153603,59.914131332633424,55.91170559290318,47.29190057112246,57.28684688797773,47.56989330869231
3,55.91170559290318,47.29190057112246,57.28684688797773,47.56989330869231
4,60.31494677575438,60.413056221641824,57.17998475292813,48.02323315116321,58.407157343916,48.185508227438234
4,57.17998475292813,48.02323315116321,58.407157343916,48.185508227438234
