epoch,train_acc,train_f1,val_acc,val_f1,test_acc,test_f1
0,49.70151263521702,49.70206692189432,57.73494093052652,46.584224013064954,59.45821434583207,45.81731089556755
0,57.73494093052652,46.584224013064954,59.45821434583207,45.81731089556755
1,52.744737196463035,52.66941282751557,54.00116680441441,44.98844343116672,53.86730297294025,43.608635405589965
1,54.00116680441441,44.98844343116672,53.86730297294025,43.608635405589965
2,53.75914538354504,53.534011745938095,53.26462151781808,45.67127390431201,52.75662170981717,43.846397343061554
2,53.26462151781808,45.67127390431201,52.75662170981717,43.846397343061554
3,55.40194802280174,55.07387700112477,45.471340366571056,41.34875891172567,43.509705541003065,38.82880897848939
3,45.471340366571056,41.34875891172567,43.509705541003065,38.82880897848939
4,55.9989227523677,55.66028654361125,49.11031163401235,42.873281900962915,46.66810386833658,39.78630086776452
4,49.11031163401235,42.873281900962915,46.66810386833658,39.78630086776452
