epoch,train_acc,train_f1,val_acc,val_f1,test_acc,test_f1
0,56.929212362911265,56.61478563456742,55.32838958578788,45.6790480233421,54.135307000478036,44.47144073731453
0,55.32838958578788,45.6790480233421,54.135307000478036,44.47144073731453
1,60.02468784123819,59.755993086738414,71.95000808556841,49.18596260675902,70.97058398461384,47.641653223875835
1,71.95000808556841,49.18596260675902,70.97058398461384,47.641653223875835
2,61.32554716801975,61.072777292534816,65.91817404763555,48.79004781450415,64.77554446309658,47.2356959573799
2,65.91817404763555,48.79004781450415,64.77554446309658,47.2356959573799
3,62.30831315577078,62.03275262326281,68.0966571950008,49.65360494307212,67.17157118875832,48.22970356211223
3,68.0966571950008,49.65360494307212,67.17157118875832,48.22970356211223
4,62.740350377439114,62.46996173721028,66.57426017048998,48.99622834812814,65.64685217507309,47.65056079942342
4,66.57426017048998,48.99622834812814,65.64685217507309,47.65056079942342
