epoch,train_acc,train_f1,val_acc,val_f1,test_acc,test_f1
0,54.28706774040739,53.90463081358051,55.32838958578788,45.6790480233421,53.88073245317262,45.368462563593155
0,55.32838958578788,45.6790480233421,53.88073245317262,45.368462563593155
1,55.708195168166746,55.49559144614812,60.84736756994017,45.94261743202481,59.228312011203954,45.618617239338114
1,60.84736756994017,45.94261743202481,59.228312011203954,45.618617239338114
2,57.80830570030002,57.68421792105599,69.35107538059926,49.11384908342292,67.58774069353308,48.82541799052209
2,69.35107538059926,49.11384908342292,67.58774069353308,48.82541799052209
3,59.087320385283434,58.952629973121375,68.54251853905329,49.76621476346152,66.81065004956805,49.583565915352665
3,68.54251853905329,49.76621476346152,66.81065004956805,49.583565915352665
4,60.240012632243804,60.05822723729023,66.35479474207037,49.50349342143512,64.64591627458077,49.25852232210348
4,66.35479474207037,49.50349342143512,64.64591627458077,49.25852232210348
