epoch,train_acc,train_f1,val_acc,val_f1,test_acc,test_f1
0,50.74950033311126,50.497252850469856,55.32838958578788,45.6790480233421,53.961510015893246,45.48179800972114
0,55.32838958578788,45.6790480233421,53.961510015893246,45.48179800972114
1,52.21518987341772,52.026480485636974,54.42742624806524,44.295650397165275,53.205138292236434,44.335243047397086
1,54.42742624806524,44.295650397165275,53.205138292236434,44.335243047397086
2,54.48034643570953,54.37472382960921,57.61776052856516,46.77302050348588,55.88181298420641,46.469743385727355
2,57.61776052856516,46.77302050348588,55.88181298420641,46.469743385727355
3,54.79680213191206,54.70209089830025,62.19419225171529,48.393335108718574,60.39040740216211,48.2334955306866
3,62.19419225171529,48.393335108718574,60.39040740216211,48.2334955306866
4,55.94603597601599,55.81325516268275,61.4757317439416,48.589965955419515,59.65921310065199,48.277867640181285
4,61.4757317439416,48.589965955419515,59.65921310065199,48.277867640181285
