epoch,train_acc,train_f1,val_acc,val_f1,test_acc,test_f1
0,58.76237623762376,58.72080193880538,51.20243953149907,44.55622750912229,52.4851400827063,44.73925539010722
0,51.20243953149907,44.55622750912229,52.4851400827063,44.73925539010722
1,60.742574257425744,60.74569762635268,50.68265299050523,44.18965239288785,51.83762522278901,44.19993449099282
1,50.68265299050523,44.18965239288785,51.83762522278901,44.19993449099282
2,61.65841584158416,61.71189410838581,52.96278328366484,45.62403801038934,53.5927197380089,45.19248997491439
2,52.96278328366484,45.62403801038934,53.5927197380089,45.19248997491439
3,62.12046204620462,62.131574761718035,51.77766997019891,45.124770481938434,52.50445578022248,44.78529944052563
3,51.77766997019891,45.124770481938434,52.50445578022248,44.78529944052563
4,62.67326732673267,62.71367058172278,54.85134104927577,46.80881394150285,55.49619392960306,46.359692232904365
4,54.85134104927577,46.80881394150285,55.49619392960306,46.359692232904365
