epoch,train_acc,train_f1,val_acc,val_f1,test_acc,test_f1
0,56.307002242711185,56.45380329484336,57.73494093052652,46.584224013064954,58.88648370892532,45.48216830440239
0,57.73494093052652,46.584224013064954,58.88648370892532,45.48216830440239
1,58.98330426115126,59.096903451334704,61.692352569400555,46.60729174068518,63.440542671600404,46.114594924928
1,61.692352569400555,46.60729174068518,63.440542671600404,46.114594924928
2,60.11462746075255,60.156980517475404,67.19091837230785,48.20695314735303,68.78752351448965,47.22905863470186
2,67.19091837230785,48.20695314735303,68.78752351448965,47.22905863470186
3,61.230999252429605,61.23112611364691,59.823034663814475,47.49785860736429,60.90850833232434,46.60292392543466
3,59.823034663814475,47.49785860736429,60.90850833232434,46.60292392543466
4,61.7144281086469,61.73540412128574,65.55253050707375,48.540068183227255,67.01208725979782,47.80824344394096
4,65.55253050707375,48.540068183227255,67.01208725979782,47.80824344394096
