epoch,train_acc,train_f1,val_acc,val_f1,test_acc,test_f1
0,57.03487373303556,56.79701677366236,51.20243953149907,44.55622750912229,52.736236581569614,44.74768967581157
0,51.20243953149907,44.55622750912229,52.736236581569614,44.74768967581157
1,58.37484968218519,57.86676279083096,60.562062512994665,48.756901758001554,61.62007990885897,48.37201208235777
1,60.562062512994665,48.756901758001554,61.62007990885897,48.37201208235777
2,59.25098780278303,58.663765441318084,59.14131263427819,48.662584634653676,60.31072993052101,48.26345221423795
2,59.14131263427819,48.662584634653676,60.31072993052101,48.26345221423795
3,60.075588386875104,59.46831887902748,59.363088225102224,48.598348494157015,60.25657483031402,47.94435951643092
3,59.363088225102224,48.598348494157015,60.25657483031402,47.94435951643092
4,60.98608486514345,60.51064186819063,63.65652505371128,50.509848717810954,64.75906997641245,49.95288126821509
4,63.65652505371128,50.509848717810954,64.75906997641245,49.95288126821509
