epoch,train_acc,train_f1,val_acc,val_f1,test_acc,test_f1
0,54.56342668863262,54.26842967725635,55.32838958578788,45.6790480233421,53.91430234936821,45.406620116286646
0,55.32838958578788,45.6790480233421,53.91430234936821,45.406620116286646
1,56.73805601317957,56.52488075560398,61.58199921454478,47.26810548780765,59.89787408141749,47.08703606345719
1,61.58199921454478,47.26810548780765,59.89787408141749,47.08703606345719
2,58.25370675453048,58.12778629122484,61.49190288077252,47.83678456540557,59.54958640838828,47.69475317079153
2,61.49190288077252,47.83678456540557,59.54958640838828,47.69475317079153
3,58.78088962108731,58.65650984585834,58.25074502737542,47.12737523005065,56.25554034419634,46.74201231874294
3,58.25074502737542,47.12737523005065,56.25554034419634,46.74201231874294
4,59.70345963756178,59.52917965798959,59.948714394621945,47.730663776584095,58.08536195166984,47.48310562322299
4,59.948714394621945,47.730663776584095,58.08536195166984,47.48310562322299
