epoch,train_acc,train_f1,val_acc,val_f1,test_acc,test_f1
0,50.86094866796621,50.8492839245647,57.73494093052652,46.584224013064954,58.613594141806274,46.52875435717694
0,57.73494093052652,46.584224013064954,58.613594141806274,46.52875435717694
1,53.2488628979857,53.34510599497849,47.389275122757546,41.07105425659047,47.220162672065,40.39335799786332
1,47.389275122757546,41.07105425659047,47.220162672065,40.39335799786332
2,54.97076023391813,55.114008813259076,58.503087170013124,46.8524348255317,58.80492403731072,46.44586147209736
2,58.503087170013124,46.8524348255317,58.80492403731072,46.44586147209736
3,55.88044184535413,55.900463652363975,53.0701541154164,44.91758756336476,53.30412011851901,44.48180798370353
3,53.0701541154164,44.91758756336476,53.30412011851901,44.48180798370353
4,56.53021442495127,56.53478566006963,61.30584860712723,47.08171530432039,62.12667760773761,47.2965266672939
4,61.30584860712723,47.08171530432039,62.12667760773761,47.2965266672939
