epoch,train_acc,train_f1,val_acc,val_f1,test_acc,test_f1
0,54.9724321012865,54.81299196774465,55.32838958578788,45.6790480233421,53.803102068220326,45.51383858727886
0,55.32838958578788,45.6790480233421,53.803102068220326,45.51383858727886
1,54.48233612415765,54.26162163090266,52.378312195347334,41.94128319386778,51.178618074241925,42.2861668227199
1,52.378312195347334,41.94128319386778,51.178618074241925,42.2861668227199
2,56.789871349806006,56.71598880108699,61.6928870099568,47.538332922559015,59.816571989068805,47.487396638445084
2,61.6928870099568,47.538332922559015,59.816571989068805,47.487396638445084
3,57.77006330406371,57.64808146665793,63.314621017857554,48.23781155056934,61.57741795045293,48.48632851328791
3,63.314621017857554,48.23781155056934,61.57741795045293,48.48632851328791
4,58.443945272615885,58.347709398580335,66.87689144546862,49.61876889045311,64.8399922369615,49.77215498165286
4,66.87689144546862,49.61876889045311,64.8399922369615,49.77215498165286
