epoch,train_acc,train_f1,val_acc,val_f1,test_acc,test_f1
0,52.942823150675345,53.06840150405612,57.73494093052652,46.584224013064954,58.204895738893924,46.37672358456091
0,57.73494093052652,46.584224013064954,58.204895738893924,46.37672358456091
1,55.931135838757086,56.17888608201373,48.88181243619039,43.20629604259531,48.198133015967706,42.23079070840612
1,48.88181243619039,43.20629604259531,48.198133015967706,42.23079070840612
2,56.76394429281265,56.995493290856416,55.12664689581409,46.52183540106935,54.18890145620029,45.389788183283855
2,55.12664689581409,46.52183540106935,54.18890145620029,45.389788183283855
3,57.02988312688082,57.231616781968185,53.527152511060336,45.93797517652713,52.82543020072588,44.98979684293954
3,53.527152511060336,45.93797517652713,52.82543020072588,44.98979684293954
4,57.5407656239065,57.72087362149424,49.88575040108902,44.051153585902725,49.37230709259024,43.21811131756664
4,49.88575040108902,44.051153585902725,49.37230709259024,43.21811131756664
