epoch,train_acc,train_f1,val_acc,val_f1,test_acc,test_f1
0,51.25072716695753,51.18371644636333,57.73494093052652,46.584224013064954,58.57610570074227,46.394088969774955
0,57.73494093052652,46.584224013064954,58.57610570074227,46.394088969774955
1,53.34496800465387,53.425592118112284,56.28129709757402,43.377163377988154,56.786102062975026,43.01413665493744
1,56.28129709757402,43.377163377988154,56.786102062975026,43.01413665493744
2,55.424665503199535,55.52618201849873,63.1046720793427,47.07748051594815,63.860587429986865,46.9398769903346
2,63.1046720793427,47.07748051594815,63.860587429986865,46.9398769903346
3,55.817335660267595,55.85825225528166,65.08580874130973,47.73520419164086,66.1129485075435,47.97630533769928
3,65.08580874130973,47.73520419164086,66.1129485075435,47.97630533769928
4,56.64630599185573,56.59512417727897,62.37785016286645,47.595096428125494,62.78397494105984,47.40752940916808
4,62.37785016286645,47.595096428125494,62.78397494105984,47.40752940916808
