epoch,train_acc,train_f1,val_acc,val_f1,test_acc,test_f1
0,52.791832309360316,52.82892511949279,55.32838958578788,45.6790480233421,53.55638069615679,45.564823667283434
0,55.32838958578788,45.6790480233421,53.55638069615679,45.564823667283434
1,56.27032887603903,56.360895969432356,54.67230346293344,44.78676096867502,52.39602672566175,44.46729957700261
1,54.67230346293344,44.78676096867502,52.39602672566175,44.46729957700261
2,57.28225514998193,57.36835854752355,57.75637027283018,47.051229226503274,55.48215139353648,46.69682313160193
2,57.75637027283018,47.051229226503274,55.48215139353648,46.69682313160193
3,57.634622334658474,57.72006518288318,56.883128883960545,46.746442266262584,54.9474158152772,46.76055647668287
3,56.883128883960545,46.746442266262584,54.9474158152772,46.76055647668287
4,58.465847488254425,58.53657204135848,55.60098874950909,46.11640844124327,53.81179753421307,46.24585959706475
4,55.60098874950909,46.11640844124327,53.81179753421307,46.24585959706475
