epoch,train_acc,train_f1,val_acc,val_f1,test_acc,test_f1
0,57.160766961651916,57.14685673995555,51.20243953149907,44.55622750912229,52.54308717525483,44.547974605504955
0,51.20243953149907,44.55622750912229,52.54308717525483,44.547974605504955
1,58.89380530973451,58.928439884186844,47.910458105204796,42.5947987828529,49.21464129871726,42.58914679847124
1,47.910458105204796,42.5947987828529,49.21464129871726,42.58914679847124
2,59.491150442477874,59.53932965670406,50.82472797837688,44.47825544864947,52.10980096051696,44.39865159134652
2,50.82472797837688,44.47825544864947,52.10980096051696,44.39865159134652
3,60.501474926253685,60.58626549408198,62.32240626516044,50.48275045894957,62.84010992387859,49.4276152206036
3,62.32240626516044,50.48275045894957,62.84010992387859,49.4276152206036
4,60.93657817109145,60.97005441614157,58.16757918081641,48.672810445987764,58.72454937355681,47.758780377306586
4,58.16757918081641,48.672810445987764,58.72454937355681,47.758780377306586
