epoch,train_acc,train_f1,val_acc,val_f1,test_acc,test_f1
0,51.869628816968365,52.03244342497649,57.73494093052652,46.584224013064954,59.325027095189014,45.663407906331344
0,57.73494093052652,46.584224013064954,59.325027095189014,45.663407906331344
1,54.67178643262022,54.80011285498478,63.85337157858914,48.25920287677916,65.07629473659343,46.81239445017128
1,63.85337157858914,48.25920287677916,65.07629473659343,46.81239445017128
2,55.540318156884254,55.5220338451754,68.07088336817542,48.077159288651686,69.76738005026269,47.23046276604809
2,68.07088336817542,48.077159288651686,69.76738005026269,47.23046276604809
3,57.7299323459499,57.62594151135409,65.01288346540912,49.28433986589673,66.79148664731366,48.495481478494696
3,65.01288346540912,49.28433986589673,66.79148664731366,48.495481478494696
4,58.443042603766685,58.307170698074465,60.81968010112305,48.28433896553532,61.547570883081676,46.79635733568397
4,60.81968010112305,48.28433896553532,61.547570883081676,46.79635733568397
