epoch,train_acc,train_f1,val_acc,val_f1,test_acc,test_f1
0,51.30336229693993,51.48214937596068,57.73494093052652,46.584224013064954,58.44528248395699,46.90526135942007
0,57.73494093052652,46.584224013064954,58.44528248395699,46.90526135942007
1,53.9100868908198,54.216035556043316,45.150469152608295,40.35458368019413,45.09643524766627,40.16922101176978
1,45.150469152608295,40.35458368019413,45.09643524766627,40.16922101176978
2,54.486210804684546,54.80735456637481,54.49705868053867,45.7300003465321,54.25977715499039,45.388585068202694
2,54.49705868053867,45.7300003465321,54.25977715499039,45.388585068202694
3,55.676237249716664,55.90550306441753,55.02212066702319,46.166181095475295,55.106151124708745,46.12574072323372
3,55.02212066702319,46.166181095475295,55.106151124708745,46.12574072323372
4,56.22402720060446,56.39031775141316,55.42807136953668,45.63642352567624,55.78449062521226,46.02766982585971
4,55.42807136953668,45.63642352567624,55.78449062521226,46.02766982585971
