epoch,train_acc,train_f1,val_acc,val_f1,test_acc,test_f1
0,53.43811394891945,53.61733814683715,55.32838958578788,45.6790480233421,53.79943036082393,45.7019616900634
0,55.32838958578788,45.6790480233421,53.79943036082393,45.7019616900634
1,51.0150622134905,51.10179303812215,48.737496245986094,40.89401620638802,47.39675945595787,40.92316251586363
1,48.737496245986094,40.89401620638802,47.39675945595787,40.92316251586363
2,52.946954813359525,52.91735139086503,39.94270797237046,35.59227616633031,39.38011088556337,36.06380209418285
2,39.94270797237046,35.59227616633031,39.38011088556337,36.06380209418285
3,55.173542894564505,55.334755752022545,56.68676507958509,45.58236206787545,54.942118155544016,45.50357855575734
3,56.68676507958509,45.58236206787545,54.942118155544016,45.50357855575734
4,56.05762933857236,56.17763325004324,55.55016517661191,45.52015050508275,53.69373764077064,45.245575924414474
4,55.55016517661191,45.52015050508275,53.69373764077064,45.245575924414474
