epoch,train_acc,train_f1,val_acc,val_f1,test_acc,test_f1
0,51.41683778234086,51.43196574734992,55.32838958578788,45.6790480233421,53.86499656433094,45.574817652621746
0,55.32838958578788,45.6790480233421,53.86499656433094,45.574817652621746
1,51.06776180698152,51.179095479802726,51.47272853281586,41.556231509511505,50.31393098239154,41.73643760074986
1,51.47272853281586,41.556231509511505,50.31393098239154,41.73643760074986
2,55.13347022587269,55.31151931370138,58.765911243560424,46.26421304963164,56.936117536599056,46.02418378247188
2,58.765911243560424,46.26421304963164,56.936117536599056,46.02418378247188
3,56.50924024640657,56.640703181450014,58.82366530367085,46.510896072584735,56.78374167964878,46.157073015838975
3,58.82366530367085,46.510896072584735,56.78374167964878,46.157073015838975
4,57.782340862423,57.88912881240592,57.57617760528565,45.921274733306575,55.627416114599235,45.59248725713802
4,57.57617760528565,45.921274733306575,55.627416114599235,45.59248725713802
