epoch,train_acc,train_f1,val_acc,val_f1,test_acc,test_f1
0,52.90575127973502,53.10029199928218,55.32838958578788,45.6790480233421,53.6774772223009,45.61464377408254
0,55.32838958578788,45.6790480233421,53.6774772223009,45.61464377408254
1,49.98494429388738,50.09857689930337,49.19028807725183,41.25316091883778,47.9249607914103,41.40479698047482
1,49.19028807725183,41.25316091883778,47.9249607914103,41.40479698047482
2,52.51430292080698,52.76383229452654,49.67311201977499,40.85622000051205,48.40202048812727,41.16704151216653
2,49.67311201977499,40.85622000051205,48.40202048812727,41.16704151216653
3,55.16410719662752,55.411306677686355,54.33270958948414,44.29866785905549,52.61241981253311,44.304951925017825
3,54.33270958948414,44.29866785905549,52.61241981253311,44.304951925017825
4,55.79644685335742,56.09837083210637,54.21720146926329,44.754069500815085,52.22138297481733,44.46436413270518
4,54.21720146926329,44.754069500815085,52.22138297481733,44.46436413270518
