epoch,train_acc,train_f1,val_acc,val_f1,test_acc,test_f1
0,54.113110539845756,54.184544303706,55.32838958578788,45.6790480233421,53.849317962001535,45.56679573084501
0,55.32838958578788,45.6790480233421,53.849317962001535,45.56679573084501
1,56.61150385604113,56.762468812202094,55.82276434033312,45.846347952008635,53.86377027492746,45.47735140936287
1,55.82276434033312,45.846347952008635,53.86377027492746,45.47735140936287
2,57.84865038560411,57.97320540487032,62.37669508166424,48.8926488894618,60.24113128258718,48.62970851787496
2,62.37669508166424,48.8926488894618,60.24113128258718,48.62970851787496
3,58.27442159383033,58.39060744852434,57.27585649271144,47.01897745564205,55.4529688385899,46.83555902637536
3,57.27585649271144,47.01897745564205,55.4529688385899,46.83555902637536
4,58.852827763496144,58.96057765496169,57.91115115392612,47.30297029321004,55.99826572244889,47.11593343577328
4,57.91115115392612,47.30297029321004,55.99826572244889,47.11593343577328
