epoch,train_acc,train_f1,val_acc,val_f1,test_acc,test_f1
0,52.430886558627265,52.02739319059583,55.32838958578788,45.6790480233421,53.906172140133336,45.38664663677214
0,55.32838958578788,45.6790480233421,53.906172140133336,45.38664663677214
1,54.19447092469018,54.2130226061475,62.73246009194446,44.68616887232759,61.13996024065419,44.74046761587274
1,62.73246009194446,44.68616887232759,61.13996024065419,44.74046761587274
2,56.32348268191929,56.2817408822803,66.89537274470395,47.99154684365607,65.01492286791819,48.004789343032044
2,66.89537274470395,47.99154684365607,65.01492286791819,48.004789343032044
3,57.94407372100413,57.81622899859832,66.67590731628434,48.39581907732931,64.93414530519756,48.476932980300234
3,66.67590731628434,48.39581907732931,64.93414530519756,48.476932980300234
4,58.8496981251986,58.700642966210204,67.07556541224848,47.86543796966641,65.33357461696224,48.05060830223465
4,67.07556541224848,47.86543796966641,65.33357461696224,48.05060830223465
