epoch,train_acc,train_f1,val_acc,val_f1,test_acc,test_f1
0,51.90797630527621,51.77558323115433,55.32838958578788,45.6790480233421,54.63530144189615,44.83721409235211
0,55.32838958578788,45.6790480233421,54.63530144189615,44.83721409235211
1,53.48762455801993,53.19314208801309,59.12860674105389,47.32595043958781,57.57190025680649,46.22069563908833
1,59.12860674105389,47.32595043958781,57.57190025680649,46.22069563908833
2,54.433576709372275,54.10996239393824,63.99611892716058,48.8965350895517,62.45094551478027,47.76046825009718
2,63.99611892716058,48.8965350895517,62.45094551478027,47.76046825009718
3,55.733112917298065,55.369460001896776,64.80236560630212,49.584226082901914,64.3175173149826,48.99891783500963
3,64.80236560630212,49.584226082901914,64.3175173149826,48.99891783500963
4,56.123432979749275,55.720253204265745,60.745720424145816,48.1581553374799,60.09216128781225,47.62645823465504
4,60.745720424145816,48.1581553374799,60.09216128781225,47.62645823465504
