epoch,train_acc,train_f1,val_acc,val_f1,test_acc,test_f1
0,56.722668614560504,56.215571845835846,51.20243953149907,44.55622750912229,53.441267109757064,43.346348582040875
0,51.20243953149907,44.55622750912229,53.441267109757064,43.346348582040875
1,58.66569271974677,58.06992905016507,57.81412433294061,48.18207653604412,59.51298102671712,46.16932514407866
1,57.81412433294061,48.18207653604412,59.51298102671712,46.16932514407866
2,59.513026540053566,58.924073764396,57.33938595883291,48.03066364181507,58.61655706471637,45.80950086421855
2,57.33938595883291,48.03066364181507,58.61655706471637,45.80950086421855
3,60.45775505234965,59.92532989087137,58.47598586180609,48.50208829162707,59.92212261955978,46.39356810684398
3,58.47598586180609,48.50208829162707,59.92212261955978,46.39356810684398
4,60.79863647431215,60.370338344709964,69.76921477579874,51.866302460043364,72.09320702037806,49.451451568177255
4,69.76921477579874,51.866302460043364,72.09320702037806,49.451451568177255
