epoch,train_acc,train_f1,val_acc,val_f1,test_acc,test_f1
0,57.44205529181793,56.98056335086109,51.20243953149907,44.55622750912229,53.34468862217618,44.040632527823206
0,51.20243953149907,44.55622750912229,53.34468862217618,44.040632527823206
1,59.70399329796146,59.32926149760378,61.91697276318525,49.557460497230316,64.11670193244774,47.64729782234887
1,61.91697276318525,49.557460497230316,64.11670193244774,47.64729782234887
2,60.60318346830494,60.2887925108102,66.02675168064314,51.60796450053218,68.64316004811364,49.51670882451108
2,66.02675168064314,51.60796450053218,68.64316004811364,49.51670882451108
3,61.17844177604021,60.929716136485524,68.26183380691663,51.39214259520726,70.85788036559347,48.51940278576441
3,68.26183380691663,51.39214259520726,70.85788036559347,48.51940278576441
4,62.11672717118123,61.850730356624254,64.10700672257259,51.07772514455481,66.69315258523052,49.41875633986134
4,64.10700672257259,51.07772514455481,66.69315258523052,49.41875633986134
