epoch,train_acc,train_f1,val_acc,val_f1,test_acc,test_f1
0,56.32239382239382,55.82342573499196,55.32838958578788,45.6790480233421,53.89069851610568,45.362246749386586
0,55.32838958578788,45.6790480233421,53.89069851610568,45.362246749386586
1,56.193693693693696,55.73094883728472,65.76339316653961,45.99454119569766,64.15259615939407,45.81620295402688
1,65.76339316653961,45.99454119569766,64.15259615939407,45.81620295402688
2,59.21814671814672,58.83674507475358,68.44318155566336,48.53158531358665,66.64122697970595,48.342774036758925
2,68.44318155566336,48.53158531358665,66.64122697970595,48.342774036758925
3,60.102960102960104,59.73832153309466,70.02564280268903,48.84735304399433,68.22425739717907,48.805533557187935
3,70.02564280268903,48.84735304399433,68.22425739717907,48.805533557187935
4,61.052123552123554,60.65144193368738,68.60951324878138,49.172353140313874,66.92001447701773,49.15001840063364
4,68.60951324878138,49.172353140313874,66.92001447701773,49.15001840063364
