epoch,train_acc,train_f1,val_acc,val_f1,test_acc,test_f1
0,54.09882890602685,54.15079636605934,55.32838958578788,45.6790480233421,53.615320461376264,45.57193858700369
0,55.32838958578788,45.6790480233421,53.615320461376264,45.57193858700369
1,51.385318480434165,51.33822766694224,43.17231501374547,37.90801619195947,42.232765267746146,38.07558133848043
1,43.17231501374547,37.90801619195947,42.232765267746146,38.07558133848043
2,54.24164524421594,54.293624536019124,43.71520317878347,38.53388579713263,42.46250924483469,38.60353606361955
2,43.71520317878347,38.53388579713263,42.46250924483469,38.60353606361955
3,56.269637246501,56.3355497640435,41.44431353524153,37.751614324819435,40.24873194962417,37.707390119727144
3,41.44431353524153,37.751614324819435,40.24873194962417,37.707390119727144
4,57.0694087403599,57.089782350828386,54.0023563656525,44.98625876165978,51.88647080730355,44.6290986424025
4,54.0023563656525,44.98625876165978,51.88647080730355,44.6290986424025
