epoch,train_acc,train_f1,val_acc,val_f1,test_acc,test_f1
0,48.8388295401765,48.9156708831225,57.73494093052652,46.584224013064954,58.45142192268495,46.805658173956814
0,57.73494093052652,46.584224013064954,58.45142192268495,46.805658173956814
1,48.49047840222945,48.32964631922772,39.829354854392534,36.63986468110058,40.23315033420251,36.55989401530428
1,39.829354854392534,36.63986468110058,40.23315033420251,36.55989401530428
2,52.183000464468186,52.285115315356215,47.19966940541592,41.05947344427568,47.25181957785239,40.7847464091686
2,47.19966940541592,41.05947344427568,47.25181957785239,40.7847464091686
3,54.45889456572225,54.6850045622729,54.97836550148281,45.09658638449505,55.01664764475398,44.88717909774518
3,54.97836550148281,45.09658638449505,55.01664764475398,44.88717909774518
4,55.62006502554575,55.857271998515166,58.622198453984154,46.94255456277014,58.99597624065913,46.923325161923806
4,58.622198453984154,46.94255456277014,58.99597624065913,46.923325161923806
