epoch,train_acc,train_f1,val_acc,val_f1,test_acc,test_f1
0,52.30974378512239,52.44607874918423,57.73494093052652,46.584224013064954,59.17264434279032,45.7622413191913
0,57.73494093052652,46.584224013064954,59.17264434279032,45.7622413191913
1,55.0147633107915,55.1497387197915,63.97248286256016,46.233295064484096,66.01628369179703,46.18686160762035
1,63.97248286256016,46.233295064484096,66.01628369179703,46.18686160762035
2,56.59110391465854,56.596197339491475,65.11254800913997,48.05269071542684,66.59362532152466,47.681676063622284
2,65.11254800913997,48.05269071542684,66.59362532152466,47.681676063622284
3,57.510239070387655,57.515791726590884,63.67348923136759,49.132908474442054,64.9085555827902,48.267992896966774
3,63.67348923136759,49.132908474442054,64.9085555827902,48.267992896966774
4,58.53890846747309,58.47093208418189,62.30492488696582,48.999821432561326,63.06667336048266,47.92998860047379
4,62.30492488696582,48.999821432561326,63.06667336048266,47.92998860047379
