epoch,train_acc,train_f1,val_acc,val_f1,test_acc,test_f1
0,55.59265442404007,55.63377464725948,57.73494093052652,46.584224013064954,57.92227888996843,46.2862705917107
0,57.73494093052652,46.584224013064954,57.92227888996843,46.2862705917107
1,58.98720089037285,59.108444036037824,51.97627497690699,44.16872621634976,51.62940278364307,43.49929958099008
1,51.97627497690699,44.16872621634976,51.62940278364307,43.49929958099008
2,60.13991573257016,60.25964206630544,56.09655306529243,46.54788134224642,56.01454133086843,46.17936338826741
2,56.09655306529243,46.54788134224642,56.01454133086843,46.17936338826741
3,60.712298274902615,60.82448945776835,58.896883659876515,47.81013090461425,58.5699055876629,47.12414410027874
3,58.896883659876515,47.81013090461425,58.5699055876629,47.12414410027874
4,61.26878130217028,61.350103199957715,53.41290291214935,45.95611088289471,52.73151989982901,44.9568331886184
4,53.41290291214935,45.95611088289471,52.73151989982901,44.9568331886184
