epoch,train_acc,train_f1,val_acc,val_f1,test_acc,test_f1
0,52.35717498875393,52.08747532571982,55.32838958578788,45.6790480233421,54.59194450311836,44.729014242470555
0,55.32838958578788,45.6790480233421,54.59194450311836,44.729014242470555
1,54.09356725146199,53.75499575195435,64.3796058862938,48.97119294556569,63.439817233827306,48.28900867869197
1,64.3796058862938,48.97119294556569,63.439817233827306,48.28900867869197
2,55.21817363922627,54.8695962440113,61.642063437059626,48.623928229483845,60.4893219641805,47.69399895278685
2,61.642063437059626,48.623928229483845,60.4893219641805,47.69399895278685
3,55.81646423751687,55.43628944923963,61.90080162635433,48.68884312865657,61.20721281586641,47.849569751600534
3,61.90080162635433,48.68884312865657,61.20721281586641,47.849569751600534
4,56.21682411156095,55.86436436001602,67.42208977291104,50.57513448683547,67.00592544829964,49.88467749312382
4,67.42208977291104,50.57513448683547,67.00592544829964,49.88467749312382
