epoch,train_acc,train_f1,val_acc,val_f1,test_acc,test_f1
0,56.244481506916514,55.74623743101449,51.20243953149907,44.55622750912229,53.46321676602545,43.39681058398847
0,51.20243953149907,44.55622750912229,53.46321676602545,43.39681058398847
1,58.015304620818206,57.37669564392509,62.374384919259825,50.14550131106268,63.84277022221832,47.80583103908658
1,62.374384919259825,50.14550131106268,63.84277022221832,47.80583103908658
2,58.971843421956244,58.39486361307943,62.682791600249494,50.515114755913324,65.13955591455438,48.61908401560437
2,62.682791600249494,50.515114755913324,65.13955591455438,48.61908401560437
3,59.90385558716766,59.33002538845009,58.75320535033613,48.87463274882613,60.454182287505375,46.651669816263635
3,58.75320535033613,48.87463274882613,60.454182287505375,46.651669816263635
4,60.53664279407437,60.01298900742186,66.8202924665604,51.967026521213334,68.96230805025593,49.366303593835944
4,66.8202924665604,51.967026521213334,68.96230805025593,49.366303593835944
