epoch,train_acc,train_f1,val_acc,val_f1,test_acc,test_f1
0,51.12403935933348,51.33266113683318,57.73494093052652,46.584224013064954,58.5267895375656,46.662210398066925
0,57.73494093052652,46.584224013064954,58.5267895375656,46.662210398066925
1,54.205271852330675,54.51828722147059,45.184500948028585,40.89311729884555,45.16229058445873,40.445311148503585
1,45.184500948028585,40.89311729884555,45.16229058445873,40.445311148503585
2,55.160525748761046,55.335406690026545,45.77762652535369,41.62976631570278,45.09879777095927,40.859855806481285
2,45.77762652535369,41.62976631570278,45.09879777095927,40.859855806481285
3,55.88594412123824,55.99683034013997,54.681802712820264,46.36222117021105,54.65549980656841,45.9662185816678
3,54.681802712820264,46.36222117021105,54.65549980656841,45.9662185816678
4,57.00639230050995,57.0404801276704,58.763187320725365,48.31733098460755,58.22911160264721,47.50644427934599
4,58.763187320725365,48.31733098460755,58.22911160264721,47.50644427934599
