epoch,train_acc,train_f1,val_acc,val_f1,test_acc,test_f1
0,55.39822153489271,55.53712199460087,57.73494093052652,46.584224013064954,58.91010894185535,45.42753482614022
0,57.73494093052652,46.584224013064954,58.91010894185535,45.42753482614022
1,58.09008312391262,58.225042624830216,68.04171325781516,47.44647987549821,70.19440613547299,46.841660039671105
1,68.04171325781516,47.44647987549821,70.19440613547299,46.841660039671105
2,59.17745988787937,59.21714501383774,61.24507754387671,47.838498227547525,62.39305890656516,46.856985210741456
2,61.24507754387671,47.838498227547525,62.39305890656516,46.856985210741456
3,60.197177653199304,60.182941499966205,64.4999756915747,49.15078952098475,65.94215952347905,48.146834707733426
3,64.4999756915747,49.15078952098475,65.94215952347905,48.146834707733426
4,61.149236419872416,61.138053386321836,63.58840974281686,49.047903707373266,64.80696708119106,48.06682468215888
4,63.58840974281686,49.047903707373266,64.80696708119106,48.06682468215888
