epoch,train_acc,train_f1,val_acc,val_f1,test_acc,test_f1
0,49.78581627796287,49.87316729882127,57.73494093052652,46.584224013064954,58.653581812274545,46.55696766795627
0,57.73494093052652,46.584224013064954,58.653581812274545,46.55696766795627
1,53.03823576074885,53.08002588634883,53.05556906023628,43.77517129444673,52.8575911316233,42.81090956355405
1,53.05556906023628,43.77517129444673,52.8575911316233,42.81090956355405
2,54.957956528637155,54.98374824817519,59.87894404200496,46.94710320363216,60.198105584111566,46.53294377122383
2,59.87894404200496,46.94710320363216,60.198105584111566,46.53294377122383
3,55.862287799460574,55.8841062296641,61.001993290874616,47.324906214780775,61.10088278336402,46.677288160365535
3,61.001993290874616,47.324906214780775,61.10088278336402,46.677288160365535
4,56.98873552276694,57.012824642582906,63.85823326364918,47.874535190513974,64.56259320042987,47.56483806459113
4,63.85823326364918,47.874535190513974,64.56259320042987,47.56483806459113
