epoch,train_acc,train_f1,val_acc,val_f1,test_acc,test_f1
0,56.058548362758415,55.504120262758825,55.32838958578788,45.6790480233421,53.825656842226735,45.26210178141687
0,55.32838958578788,45.6790480233421,53.825656842226735,45.26210178141687
1,57.4468085106383,56.796888135758174,58.447108831750874,44.99678084275493,56.88287777935137,44.766514206490875
1,58.447108831750874,44.99678084275493,56.88287777935137,44.766514206490875
2,59.33303153764901,58.73084438838614,66.45875205026914,48.40304982507686,64.58585763216836,48.2462131059987
2,66.45875205026914,48.40304982507686,64.58585763216836,48.2462131059987
3,60.67602233288064,60.12319296127819,66.89075241989512,48.78779048935755,65.38156907792937,48.81922053159977
3,66.89075241989512,48.78779048935755,65.38156907792937,48.81922053159977
4,61.80775614908707,61.26992805864998,66.03830249266524,48.4557488866497,64.47229696769422,48.42116394784754
4,66.03830249266524,48.4557488866497,64.47229696769422,48.42116394784754
