epoch,train_acc,train_f1,val_acc,val_f1,test_acc,test_f1
0,55.14752040175769,55.118010581814815,57.73494093052652,46.584224013064954,58.49557497549367,46.367629997659265
0,57.73494093052652,46.584224013064954,58.49557497549367,46.367629997659265
1,56.591337099811675,56.54632066725417,53.79211434683261,44.07666740057729,53.854228279613785,43.3080386876374
1,53.79211434683261,44.07666740057729,53.854228279613785,43.3080386876374
2,59.44758317639673,59.44205842605036,62.657397053818855,47.68948880083983,63.096656308749246,47.196067246088134
2,62.657397053818855,47.68948880083983,63.096656308749246,47.196067246088134
3,61.016949152542374,60.97836425117461,62.441052068647,47.64587706217138,62.93948254843645,47.25295067133772
3,62.441052068647,47.64587706217138,62.93948254843645,47.25295067133772
4,62.28813559322034,62.25645868356735,65.23652097817103,47.308045418409456,65.98021165696133,46.9660036505035
4,65.23652097817103,47.308045418409456,65.98021165696133,46.9660036505035
