epoch,train_acc,train_f1,val_acc,val_f1,test_acc,test_f1
0,57.86074354127284,57.504358421384275,51.20243953149907,44.55622750912229,52.551306943084995,44.52588770946318
0,51.20243953149907,44.55622750912229,52.551306943084995,44.52588770946318
1,60.20793950850662,59.59429006605069,59.24180469887033,47.73263967838678,60.66815359188716,47.57128397723042
1,59.24180469887033,47.73263967838678,60.66815359188716,47.57128397723042
2,62.114051669817265,61.646653836987085,67.16335158361633,51.18900676948586,68.88328171884277,50.45691314497345
2,67.16335158361633,51.18900676948586,68.88328171884277,50.45691314497345
3,63.42155009451796,62.9427190799381,70.52463788204311,51.71685413368975,72.10891994672743,50.379335667609105
3,70.52463788204311,51.71685413368975,72.10891994672743,50.379335667609105
4,63.783868935097665,63.3539537672337,67.68313812461017,52.13352680984315,69.19978819338586,51.40626527567408
4,67.68313812461017,52.13352680984315,69.19978819338586,51.40626527567408
