epoch,train_acc,train_f1,val_acc,val_f1,test_acc,test_f1
0,59.20219140558124,59.00139877061871,51.20243953149907,44.55622750912229,52.59503217214101,44.62352778108114
0,51.20243953149907,44.55622750912229,52.59503217214101,44.62352778108114
1,61.18815271357644,60.833293220119444,58.09480906507728,47.11650558290112,59.35198408241203,46.87475246448007
1,58.09480906507728,47.11650558290112,59.35198408241203,46.87475246448007
2,63.36243793870913,63.09087673703052,67.04899854459768,51.362436578290925,68.08018164021759,50.29237404468356
2,67.04899854459768,51.362436578290925,68.08018164021759,50.29237404468356
3,64.08149289505222,63.767241985057865,64.87975604685009,50.943107026756195,66.02629932125608,50.07648047323032
3,64.87975604685009,50.943107026756195,66.02629932125608,50.07648047323032
4,64.38965930491354,64.09635028775615,64.62679326356643,50.86613929462581,65.82572487604499,49.99584692109861
4,64.62679326356643,50.86613929462581,65.82572487604499,49.99584692109861
