epoch,train_acc,train_f1,val_acc,val_f1,test_acc,test_f1
0,58.11499003616503,58.069749042491026,51.20243953149907,44.55622750912229,52.62517888969859,44.53264345665912
0,51.20243953149907,44.55622750912229,52.62517888969859,44.53264345665912
1,60.58011661377223,60.50113508611413,56.8230646614457,47.361360734606464,58.487493085858276,47.25001957268884
1,56.8230646614457,47.361360734606464,58.487493085858276,47.25001957268884
2,61.00081186803454,60.93554577897632,54.89638921616189,46.73679542764614,56.104199408237264,46.22912007702705
2,54.89638921616189,46.73679542764614,56.104199408237264,46.22912007702705
3,61.679828769650896,61.6067172507301,54.72312703583062,46.685358744493485,56.24775016023249,46.4793352373734
3,54.72312703583062,46.685358744493485,56.24775016023249,46.4793352373734
4,61.82006052107167,61.77207468751802,56.75722503291981,47.811686086444986,58.35623414137335,47.649279694805685
4,56.75722503291981,47.811686086444986,58.35623414137335,47.649279694805685
