epoch,train_acc,train_f1,val_acc,val_f1,test_acc,test_f1
0,55.33745037494486,55.36047334842868,55.32838958578788,45.6790480233421,53.812019071897275,45.54551752210207
0,55.32838958578788,45.6790480233421,53.812019071897275,45.54551752210207
1,55.38156153506837,55.39979638568625,52.89809873634116,42.62520222427224,51.64518717839777,42.970403893745775
1,52.89809873634116,42.62520222427224,51.64518717839777,42.970403893745775
2,57.71945302161447,57.77984525903598,60.3229607041375,46.26664580645741,58.161156482923936,46.046343062037195
2,60.3229607041375,46.26664580645741,58.161156482923936,46.046343062037195
3,58.932509925011026,59.034221287801195,61.480352068750435,47.94446567713979,59.308302779482496,47.6625394334399
3,61.480352068750435,47.94446567713979,59.308302779482496,47.6625394334399
4,59.02073224525805,59.035926104501044,64.15320997066094,48.652482352503945,62.18692137825405,48.7130571337496
4,64.15320997066094,48.652482352503945,62.18692137825405,48.7130571337496
