epoch,train_acc,train_f1,val_acc,val_f1,test_acc,test_f1
0,56.34735899731423,56.36439736550864,51.20243953149907,44.55622750912229,52.71648945977506,45.08280900300367
0,51.20243953149907,44.55622750912229,52.71648945977506,45.08280900300367
1,58.98836168307968,59.15701019112826,55.18053919190519,46.42662187669559,56.217020641456756,46.38097266092438
1,55.18053919190519,46.42662187669559,56.217020641456756,46.38097266092438
2,59.84780662488809,59.95862261915593,49.26536835539538,43.46594787121283,50.36743724593273,43.68117596709582
2,49.26536835539538,43.46594787121283,50.36743724593273,43.68117596709582
3,60.483437779767236,60.58755815515444,52.82763878300644,45.23155462177228,53.74680632501295,45.31842039137583
3,52.82763878300644,45.23155462177228,53.74680632501295,45.31842039137583
4,60.88630259623993,60.96247738664403,50.95294199182202,44.61575639488677,52.35914905572579,44.99532062461758
4,50.95294199182202,44.61575639488677,52.35914905572579,44.99532062461758
