epoch,train_acc,train_f1,val_acc,val_f1,test_acc,test_f1
0,52.144449398127506,52.32692961787567,57.73494093052652,46.584224013064954,58.40630084962244,46.80079970672694
0,57.73494093052652,46.584224013064954,58.40630084962244,46.80079970672694
1,54.52518947837717,54.872443979134424,49.090864893772185,42.40017428325083,49.221696232661294,42.247537116221736
1,49.090864893772185,42.40017428325083,49.221696232661294,42.247537116221736
2,55.42576905929559,55.73340001630845,47.61048179298945,42.70663765107761,46.83082266014217,41.748761066458016
2,47.61048179298945,42.70663765107761,46.83082266014217,41.748761066458016
3,56.584930896121264,56.71384215978139,48.563372064757644,43.164845491194235,47.9060660738702,42.42732873915774
3,48.563372064757644,43.164845491194235,47.9060660738702,42.42732873915774
4,57.28042799821667,57.322701741475676,53.7556517088823,45.585972799298105,53.71757805924618,45.39666956063684
4,53.7556517088823,45.585972799298105,53.71757805924618,45.39666956063684
