epoch,train_acc,train_f1,val_acc,val_f1,test_acc,test_f1
0,57.092531705025834,57.07433709415285,51.20243953149907,44.55622750912229,52.852138335513665,44.81882597571658
0,51.20243953149907,44.55622750912229,52.852138335513665,44.81882597571658
1,60.01252544230468,59.97526450423999,55.565181232240626,46.659311022561376,56.98218565897258,46.552244711971504
1,55.565181232240626,46.659311022561376,56.98218565897258,46.552244711971504
2,60.42743071864725,60.459657199760194,61.32788135005891,50.0190176153111,62.73738553254256,49.556237875801685
2,61.32788135005891,50.0190176153111,62.73738553254256,49.556237875801685
3,61.15547205260686,61.21023421166684,60.1600942546261,49.69862982989867,61.505570822760916,49.17605963822049
3,60.1600942546261,49.69862982989867,61.505570822760916,49.17605963822049
4,61.78174416784093,61.829298826325065,62.7105135491025,50.617478449567976,63.8050168134367,49.753201101249005
4,62.7105135491025,50.617478449567976,63.8050168134367,49.753201101249005
