epoch,train_acc,train_f1,val_acc,val_f1,test_acc,test_f1
0,57.23415132924335,57.27533424711206,51.20243953149907,44.55622750912229,52.5641437075785,45.030303491391365
0,51.20243953149907,44.55622750912229,52.5641437075785,45.030303491391365
1,55.93047034764826,55.6183749417338,44.25809134382147,39.02905066162637,45.51796344731311,39.693734544692276
1,44.25809134382147,39.02905066162637,45.51796344731311,39.693734544692276
2,58.256646216768914,57.92119672356123,44.21304317693534,40.05374906412171,45.166155870412865,40.2894249624636
2,44.21304317693534,40.05374906412171,45.166155870412865,40.2894249624636
3,59.330265848670756,59.160084296559404,45.24568577170975,40.814699374570324,46.29418655028,41.10341284409502
3,45.24568577170975,40.814699374570324,46.29418655028,41.10341284409502
4,60.122699386503065,60.06480018961632,49.064384226211104,43.047701706478506,49.823494488214244,43.00755618992398
4,49.064384226211104,43.047701706478506,49.823494488214244,43.00755618992398
