epoch,train_acc,train_f1,val_acc,val_f1,test_acc,test_f1
0,59.56703910614525,59.686416135929534,51.20243953149907,44.55622750912229,52.4754898027952,44.86723619418573
0,51.20243953149907,44.55622750912229,52.4754898027952,44.86723619418573
1,58.89199255121043,58.66407026765303,52.5504192944764,43.83698932868243,53.70982493862422,43.982499705729055
1,52.5504192944764,43.83698932868243,53.70982493862422,43.982499705729055
2,61.10335195530726,61.01250762438325,49.1995287268695,42.923578112236676,50.172895171771955,42.935635778900874
2,49.1995287268695,42.923578112236676,50.172895171771955,42.935635778900874
3,61.91806331471136,61.81987420649268,53.23653752858826,45.41894578649693,54.26180581184512,45.379864335872554
3,53.23653752858826,45.41894578649693,54.26180581184512,45.379864335872554
4,62.779329608938546,62.6271519489519,52.94199182202509,45.41157079781122,53.95773495290512,45.343996871476016
4,52.94199182202509,45.41157079781122,53.95773495290512,45.343996871476016
