epoch,train_acc,train_f1,val_acc,val_f1,test_acc,test_f1
0,52.36172240119787,52.126455515663025,55.32838958578788,45.6790480233421,54.60778646151794,44.762426614165804
0,55.32838958578788,45.6790480233421,54.60778646151794,44.762426614165804
1,53.92259176913653,53.61986154480343,65.82114722665003,49.44235914145016,64.92201309601894,48.68135261214006
1,65.82114722665003,49.44235914145016,64.92201309601894,48.68135261214006
2,55.00703298697763,54.638538194644646,65.81421673943679,49.612111753390515,64.81945726006381,48.77771414226555
2,65.81421673943679,49.612111753390515,64.81945726006381,48.77771414226555
3,55.95081446526612,55.589073490954064,64.97331762422898,49.539660101584346,64.22329935186936,48.766320086242295
3,64.97331762422898,49.539660101584346,64.22329935186936,48.766320086242295
4,56.499841190616635,56.03776850009311,65.49541432762723,50.24500722481824,65.05597491967849,49.64903067762207
4,65.49541432762723,50.24500722481824,65.05597491967849,49.64903067762207
