epoch,train_acc,train_f1,val_acc,val_f1,test_acc,test_f1
0,53.55100095328885,53.65502828491082,55.32838958578788,45.6790480233421,53.68367222154284,45.481242369501594
0,55.32838958578788,45.6790480233421,53.68367222154284,45.481242369501594
1,56.51414045122339,56.69028950383589,58.69891653383233,46.91896576722698,56.47602583628865,46.50466716427364
1,58.69891653383233,46.91896576722698,56.47602583628865,46.50466716427364
2,57.63425484588497,57.80328510436843,61.90080162635433,48.25910062299214,59.770875254305125,48.14139660827738
2,61.90080162635433,48.25910062299214,59.770875254305125,48.14139660827738
3,58.341277407054335,58.48493547266915,57.84646660660244,47.21916593427562,56.02327934097453,47.118386747123935
3,57.84646660660244,47.21916593427562,56.02327934097453,47.118386747123935
4,58.93708293612965,59.07733761552042,55.457758680435234,46.257547000825014,53.951873797956665,46.27528969851091
4,55.457758680435234,46.257547000825014,53.951873797956665,46.27528969851091
