epoch,train_acc,train_f1,val_acc,val_f1,test_acc,test_f1
0,57.724230254350736,57.84202889808956,57.73494093052652,46.584224013064954,58.20733051753487,46.637961959926734
0,57.73494093052652,46.584224013064954,58.20733051753487,46.637961959926734
1,55.44846050870147,55.419099976019695,40.230443871845985,36.53427821697736,40.13151500509565,36.062077106768655
1,40.230443871845985,36.53427821697736,40.13151500509565,36.062077106768655
2,58.52744310575636,58.599390195356484,43.76488891049638,38.329685702712396,43.99921135427687,38.20057920335052
2,43.76488891049638,38.329685702712396,43.99921135427687,38.20057920335052
3,60.02677376171352,60.1188804332349,47.27259468131655,40.9545902384074,47.49896559671879,40.84792497000496
3,47.27259468131655,40.9545902384074,47.49896559671879,40.84792497000496
4,60.990629183400266,61.080462725928406,41.99280470611114,39.00091201606116,41.44833120898834,38.25090626727561
4,41.99280470611114,39.00091201606116,41.44833120898834,38.25090626727561
