epoch,train_acc,train_f1,val_acc,val_f1,test_acc,test_f1
0,54.18742586002372,54.29164413454637,57.73494093052652,46.584224013064954,58.391162724826515,46.71698893827261
0,57.73494093052652,46.584224013064954,58.391162724826515,46.71698893827261
1,51.81494661921708,51.81125973622621,43.94720210024795,38.64910662036487,44.17804510275998,38.43026051384843
1,43.94720210024795,38.64910662036487,44.17804510275998,38.43026051384843
2,54.49584816132859,54.666729933156724,47.84384267587146,40.99764842602876,47.923279211132126,40.66787028322989
2,47.84384267587146,40.99764842602876,47.923279211132126,40.66787028322989
3,56.393831553973904,56.61957762995509,56.47090281491565,45.054224427577054,56.97798734279153,45.3329014411922
3,56.47090281491565,45.054224427577054,56.97798734279153,45.3329014411922
4,56.8208778173191,57.103130079949835,56.14516991589285,45.885378349153676,56.471199158037386,45.89684171064489
4,56.14516991589285,45.885378349153676,56.471199158037386,45.89684171064489
