epoch,train_acc,train_f1,val_acc,val_f1,test_acc,test_f1
0,49.846907532149416,49.876363871802894,57.73494093052652,46.584224013064954,58.66163488479941,46.56028500312434
0,57.73494093052652,46.584224013064954,58.66163488479941,46.56028500312434
1,53.123086344151865,53.07617039948824,51.356410131751666,42.931866177577795,51.04315058412545,41.7958551029816
1,51.356410131751666,42.931866177577795,51.04315058412545,41.7958551029816
2,54.89895897121862,54.89006253712593,57.404346346443674,46.20874666160531,57.19236568724643,45.277030538092404
2,57.404346346443674,46.20874666160531,57.19236568724643,45.277030538092404
3,56.53704837721984,56.567518075250256,60.42831445378968,47.072120726319625,60.390268556084095,46.31125824539339
3,60.42831445378968,47.072120726319625,60.390268556084095,46.31125824539339
4,57.74647887323944,57.62572556103809,56.699402012737615,46.31191351685231,56.36789767599435,45.33140366394608
4,56.699402012737615,46.31191351685231,56.36789767599435,45.33140366394608
