epoch,train_acc,train_f1,val_acc,val_f1,test_acc,test_f1
0,52.41329996424741,52.30778419271235,55.32838958578788,45.6790480233421,54.394614845860524,45.075168200144915
0,55.32838958578788,45.6790480233421,54.394614845860524,45.075168200144915
1,55.452270289595994,55.38437114149873,65.64788504631876,49.535446301807355,64.68855265644629,49.09085414457059
1,65.64788504631876,49.535446301807355,64.68855265644629,49.09085414457059
2,56.606568261913274,56.483081359779995,65.41686880587706,49.46173450301295,64.55014396727107,49.008322109098195
2,65.41686880587706,49.46173450301295,64.55014396727107,49.008322109098195
3,57.42377036620869,57.27378807628075,64.26409776607295,49.54687344860949,63.5193049549199,49.28405654635483
3,64.26409776607295,49.54687344860949,63.5193049549199,49.28405654635483
4,58.169467286378264,58.00210047081141,61.21006306743364,48.48124928709135,60.49043368055941,48.231859285727886
4,61.21006306743364,48.48124928709135,60.49043368055941,48.231859285727886
