epoch,train_acc,train_f1,val_acc,val_f1,test_acc,test_f1
0,50.59135039717564,50.4064772747574,55.32838958578788,45.6790480233421,53.850309734745366,45.4941711596393
0,55.32838958578788,45.6790480233421,53.850309734745366,45.4941711596393
1,51.95057369814651,51.72835328689674,53.706655577887126,43.23574357452555,52.48364778884535,43.30209217100734
1,53.706655577887126,43.23574357452555,52.48364778884535,43.30209217100734
2,55.763459841129745,55.72359884382344,67.798646244831,48.1575193649439,65.87856090051247,48.02960343548538
2,67.798646244831,48.1575193649439,65.87856090051247,48.02960343548538
3,56.41659311562224,56.35786127741199,66.78910527410076,48.65406404253063,64.96692840695107,48.70414784227155
3,66.78910527410076,48.65406404253063,64.96692840695107,48.70414784227155
4,57.95233892321271,57.82623204477033,64.63372375077968,49.109138239145096,62.967683729615466,49.197420473245316
4,64.63372375077968,49.109138239145096,62.967683729615466,49.197420473245316
