epoch,train_acc,train_f1,val_acc,val_f1,test_acc,test_f1
0,58.236434108527135,58.10771279857783,55.32838958578788,45.6790480233421,53.44604284554924,44.993847701929305
0,55.32838958578788,45.6790480233421,53.44604284554924,44.993847701929305
1,61.12264673311185,61.04611285387832,66.25776792108485,49.308900843245155,64.23441651565852,48.82862135755583
1,66.25776792108485,49.308900843245155,64.23441651565852,48.82862135755583
2,61.8563122923588,61.78492443887963,64.86011966641254,49.027317903949246,63.00624784604952,48.7936843258533
2,64.86011966641254,49.027317903949246,63.00624784604952,48.7936843258533
3,62.48615725359912,62.40777701941127,59.546746136253375,47.6738346752072,57.454892107925424,47.0181139490802
3,59.546746136253375,47.6738346752072,57.454892107925424,47.0181139490802
4,63.2890365448505,63.21557969482798,62.36514426964216,48.78339309608315,60.373703460773086,48.19838520339836
4,62.36514426964216,48.78339309608315,60.373703460773086,48.19838520339836
