epoch,train_acc,train_f1,val_acc,val_f1,test_acc,test_f1
0,56.68380462724936,56.57784775810275,51.20243953149907,44.55622750912229,52.72460326374737,44.79753372689847
0,51.20243953149907,44.55622750912229,52.72460326374737,44.79753372689847
1,58.556738890929125,58.19149811666069,61.002148451036106,49.18222558562955,62.06174483721378,48.83213075219109
1,61.002148451036106,49.18222558562955,62.06174483721378,48.83213075219109
2,59.87881013587955,59.49193457774924,57.50571765195093,47.91927478524487,59.064761476869755,47.958469437528855
2,57.50571765195093,47.91927478524487,59.064761476869755,47.958469437528855
3,60.76019096584649,60.48253351407117,57.162658534895,47.806832858562224,58.39564512764558,47.71240501575929
3,57.162658534895,47.806832858562224,58.39564512764558,47.71240501575929
4,60.85200146896805,60.49536394684482,55.82853974634417,47.183438068330815,57.148072078432634,47.13530933235057
4,55.82853974634417,47.183438068330815,57.148072078432634,47.13530933235057
