epoch,train_acc,train_f1,val_acc,val_f1,test_acc,test_f1
0,57.511205116583575,57.08810398336476,51.20243953149907,44.55622750912229,53.28761951587838,43.45172144104869
0,51.20243953149907,44.55622750912229,53.28761951587838,43.45172144104869
1,59.75726444075137,59.35730189440367,66.35594982327258,50.63352281787549,68.47941561235152,48.74942105731003
1,66.35594982327258,50.63352281787549,68.47941561235152,48.74942105731003
2,60.29108123080022,59.87626814024358,59.45318455887449,49.019091660041475,61.2180303256451,47.18405102626971
2,59.45318455887449,49.019091660041475,61.2180303256451,47.18405102626971
3,61.101878430780076,60.71610456363615,59.38387968674198,49.42206103647577,61.725067385444746,47.620513742407496
3,59.38387968674198,49.42206103647577,61.725067385444746,47.620513742407496
4,61.20763458729919,60.86382012619873,61.64321851826183,50.48441000473737,63.66278304081758,48.46087191165267
4,61.64321851826183,50.48441000473737,63.66278304081758,48.46087191165267
