epoch,train_acc,train_f1,val_acc,val_f1,test_acc,test_f1
0,53.12484918681531,53.21745035499209,57.73494093052652,46.584224013064954,59.15640199515092,45.68106587101703
0,57.73494093052652,46.584224013064954,59.15640199515092,45.68106587101703
1,56.36793591042903,56.4716975156323,63.84607905099907,48.30444596641705,65.6308970796259,48.12112310524964
1,63.84607905099907,48.30444596641705,65.6308970796259,48.12112310524964
2,57.25109791998456,57.23852759368273,65.71539695658515,49.37972517027819,66.97310562546328,48.53054237002909
2,65.71539695658515,49.37972517027819,66.97310562546328,48.53054237002909
3,58.1487379952705,58.02105272932596,52.49161359327143,45.34430632338367,51.447193174670204,43.13681150924091
3,52.49161359327143,45.34430632338367,51.447193174670204,43.13681150924091
4,59.03190000482602,58.82174675506431,60.311634012348684,48.37250918866851,60.342979319061726,46.85388619040435
4,60.311634012348684,48.37250918866851,60.342979319061726,46.85388619040435
