epoch,train_acc,train_f1,val_acc,val_f1,test_acc,test_f1
0,54.93124703651019,54.69051439575491,55.32838958578788,45.6790480233421,54.363208858156106,44.641248587911164
0,55.32838958578788,45.6790480233421,54.363208858156106,44.641248587911164
1,57.15030820293978,56.88510714963757,55.31221844895696,45.70067020769084,53.80234794499227,44.57665935623915
1,55.31221844895696,45.70067020769084,53.80234794499227,44.57665935623915
2,57.77619724988146,57.46482210708922,65.00565989789082,49.790226246515054,64.1735500439128,49.176220994181
2,65.00565989789082,49.790226246515054,64.1735500439128,49.176220994181
3,58.525367472735894,58.2374420794888,65.29443019844295,49.957110501919466,64.29528298740425,49.306076072302176
3,65.29443019844295,49.957110501919466,64.29528298740425,49.306076072302176
4,59.103840682788054,58.799278531390854,67.76630397116918,50.81263711262528,67.10792542606531,50.18796173464178
4,67.76630397116918,50.81263711262528,67.10792542606531,50.18796173464178
