epoch,train_acc,train_f1,val_acc,val_f1,test_acc,test_f1
0,54.17687680997995,54.232839520610234,57.73494093052652,46.584224013064954,58.34617659554971,46.67671140407717
0,57.73494093052652,46.584224013064954,58.34617659554971,46.67671140407717
1,53.21897972822455,53.1501425321392,43.803782390976714,38.80138271493614,43.90312986829061,38.42636523657575
1,43.803782390976714,38.80138271493614,43.90312986829061,38.42636523657575
2,55.98128759189129,56.1696518333602,52.51835286110166,43.709504154768055,52.639047404827956,43.58333060098056
2,52.51835286110166,43.709504154768055,52.639047404827956,43.58333060098056
3,56.78324793940744,56.99481837688952,53.95254995381399,44.9860815787812,53.545712294264824,44.414742754332806
3,53.95254995381399,44.9860815787812,53.545712294264824,44.414742754332806
4,58.1866785475607,58.33690185041268,52.09052457581798,44.70255547646255,51.80958093476733,44.148465168713685
4,52.09052457581798,44.70255547646255,51.80958093476733,44.148465168713685
