epoch,train_acc,train_f1,val_acc,val_f1,test_acc,test_f1
0,54.84168459883185,55.04228464396991,51.20243953149907,44.55622750912229,52.59342757657932,45.167854062581675
0,51.20243953149907,44.55622750912229,52.59342757657932,45.167854062581675
1,52.105748539809404,52.17600742880633,50.090096333772266,42.31093678605138,51.041783668426376,42.849732350385985
1,50.090096333772266,42.31093678605138,51.041783668426376,42.849732350385985
2,55.579465109130034,55.56394007890043,50.866310901656384,42.87717972894482,51.199435182362286,42.679395010992735
2,50.866310901656384,42.87717972894482,51.199435182362286,42.679395010992735
3,57.11650783891792,57.21535956630761,57.43641277981842,46.75529160729447,57.93432390366008,46.47830913719969
3,57.43641277981842,46.75529160729447,57.93432390366008,46.47830913719969
4,57.17798954810944,57.31365604113644,60.27444729364474,48.430585590939494,60.54419858474672,47.6379648321434
4,60.27444729364474,48.430585590939494,60.54419858474672,47.6379648321434
