epoch,train_acc,train_f1,val_acc,val_f1,test_acc,test_f1
0,60.0,60.18992056735216,51.20243953149907,44.55622750912229,52.418526660355255,44.99181313838049
0,51.20243953149907,44.55622750912229,52.418526660355255,44.99181313838049
1,58.2532751091703,58.37847808274654,47.08226488322129,41.05314864793385,48.16955761300364,41.609291140002654
1,47.08226488322129,41.05314864793385,48.16955761300364,41.609291140002654
2,59.65065502183406,59.655158479586575,45.450135144500656,40.29888377826691,46.02341104924504,40.25153539126749
2,45.450135144500656,40.29888377826691,46.02341104924504,40.25153539126749
3,60.66957787481805,60.76631179563407,41.46857024048791,38.44267902229115,41.82819595320999,38.32817946645781
3,41.46857024048791,38.44267902229115,41.82819595320999,38.32817946645781
4,61.39737991266376,61.449682207245345,54.071661237785015,45.04899864972036,54.48805378604323,44.819539129281054
4,54.071661237785015,45.04899864972036,54.48805378604323,44.819539129281054
