epoch,train_acc,train_f1,val_acc,val_f1,test_acc,test_f1
0,54.41875197972759,54.43606668158062,55.32838958578788,45.6790480233421,53.75204277884626,45.49869942696675
0,55.32838958578788,45.6790480233421,53.75204277884626,45.49869942696675
1,57.09534368070953,57.2175407315385,61.96548617367801,48.34536502010369,59.744194061211104,48.06829867973786
1,61.96548617367801,48.34536502010369,59.744194061211104,48.06829867973786
2,57.617991764333226,57.762002404455245,56.85309677270312,46.6601889201149,54.95408611355071,46.43495458864795
2,56.85309677270312,46.6601889201149,54.95408611355071,46.43495458864795
3,58.01393728222997,58.151704059230106,62.2219142005683,49.10823603527234,60.1560849796,48.837241350596834
3,62.2219142005683,49.10823603527234,60.1560849796,48.837241350596834
4,58.560342096927464,58.67976259177653,65.25515743756786,50.118698495305644,63.47983902346833,50.14982000005451
4,65.25515743756786,50.118698495305644,63.47983902346833,50.14982000005451
