epoch,train_acc,train_f1,val_acc,val_f1,test_acc,test_f1
0,49.67083607636603,49.449567371629946,55.32838958578788,45.6790480233421,53.95993642700908,45.49938844938053
0,55.32838958578788,45.6790480233421,53.95993642700908,45.49938844938053
1,51.1520737327189,50.755203001839746,53.04825929262827,43.4546916328334,51.78602338353082,43.48700632351651
1,53.04825929262827,43.4546916328334,51.78602338353082,43.48700632351651
2,52.913100724160635,52.529992097294496,55.38383348349389,45.29541358708529,53.81647757373575,45.19101726710908
2,55.38383348349389,45.29541358708529,53.81647757373575,45.19101726710908
3,53.75246872942726,53.39387868175689,62.94499503315083,48.58501758994668,61.04580717241814,48.41921562508689
3,62.94499503315083,48.58501758994668,61.04580717241814,48.41921562508689
4,54.65766951942067,54.30279170589919,64.00304941437383,49.01927233459172,62.41089552943398,49.267636095603464
4,64.00304941437383,49.01927233459172,62.41089552943398,49.267636095603464
