epoch,train_acc,train_f1,val_acc,val_f1,test_acc,test_f1
0,53.14609775857413,53.264209462739,57.73494093052652,46.584224013064954,58.453921152089215,46.79105150925406
0,57.73494093052652,46.584224013064954,58.453921152089215,46.79105150925406
1,50.607615446934915,50.65737423933605,49.11031163401235,40.87010278701379,49.41892916350792,40.63340356685139
1,49.11031163401235,40.87010278701379,49.41892916350792,40.63340356685139
2,54.33432352146908,54.5208238524493,54.69881861053041,43.62998096057386,55.41430281218847,43.952315802827435
2,54.69881861053041,43.62998096057386,55.41430281218847,43.952315802827435
3,56.41371860653524,56.6441585871377,59.346589527930384,46.186762526123765,59.89070036738672,46.34847203338396
3,59.346589527930384,46.186762526123765,59.89070036738672,46.34847203338396
4,57.11585201188226,57.29374501566766,58.8020808012057,46.97081084850476,59.30754683972442,47.05591080313443
4,58.8020808012057,46.97081084850476,59.30754683972442,47.05591080313443
