epoch,train_acc,train_f1,val_acc,val_f1,test_acc,test_f1
0,57.020232985898225,57.39492600258968,51.20243953149907,44.55622750912229,52.485919673946185,45.0853760099955
0,51.20243953149907,44.55622750912229,52.485919673946185,45.0853760099955
1,54.84365419987738,54.83250999321454,46.58673504747384,40.79983253438855,47.74474093804657,41.37135196145545
1,46.58673504747384,40.79983253438855,47.74474093804657,41.37135196145545
2,56.83629675045984,56.88354028792021,42.927437798877264,38.87605267449001,43.61812230227371,39.111571841708546
2,42.927437798877264,38.87605267449001,43.61812230227371,39.111571841708546
3,58.2158185162477,58.387338038872564,44.937279090720075,40.351768238462896,45.78833779945764,40.54122954692261
3,44.937279090720075,40.351768238462896,45.78833779945764,40.54122954692261
4,58.18516247700797,58.36958150816285,51.08115600526717,44.02355641660136,51.90585837839573,44.16955190552771
4,51.08115600526717,44.02355641660136,51.90585837839573,44.16955190552771
