epoch,train_acc,train_f1,val_acc,val_f1,test_acc,test_f1
0,52.68596053082611,52.75121281048932,57.73494093052652,46.584224013064954,59.180913174315826,45.7723626991593
0,57.73494093052652,46.584224013064954,59.180913174315826,45.7723626991593
1,55.60452475392978,55.728787632833054,60.91934464485391,47.053065816470216,61.59895576470449,46.33614038290765
1,60.91934464485391,47.053065816470216,61.59895576470449,46.33614038290765
2,57.07849762499388,57.117245927896356,59.869220671884875,48.20540147552564,59.824700771659174,46.63455553477242
2,59.869220671884875,48.20540147552564,59.824700771659174,46.63455553477242
3,57.842417119631754,57.7480900101896,59.91297583742525,48.29950271023281,60.317286878250314,47.07991825841058
3,59.91297583742525,48.29950271023281,60.317286878250314,47.07991825841058
4,58.665099652318695,58.48120455602719,61.189168165686226,48.26172782490805,62.11752962751867,47.42999879260846
4,61.189168165686226,48.26172782490805,62.11752962751867,47.42999879260846
