epoch,train_acc,train_f1,val_acc,val_f1,test_acc,test_f1
0,54.975780538103685,54.74983009163359,55.32838958578788,45.6790480233421,54.392391413102686,44.69697371712969
0,55.32838958578788,45.6790480233421,54.392391413102686,44.69697371712969
1,57.18190974054002,56.8812871233862,62.947305195555245,48.847635018595106,61.70831897366344,48.03760459315817
1,62.947305195555245,48.847635018595106,61.70831897366344,48.03760459315817
2,58.246606877367995,58.004906720526904,64.90401275209648,49.42870407461994,64.10184433747263,49.12982433768088
2,64.90401275209648,49.42870407461994,64.10184433747263,49.12982433768088
3,58.95640496858664,58.66010779772372,65.30367084806062,49.868998011067276,64.57571344398617,49.46719587019666
3,65.30367084806062,49.868998011067276,64.57571344398617,49.46719587019666
4,59.666203059805284,59.3252538494408,65.13271883013375,49.970700213100415,64.2313592956165,49.417490274758045
4,65.13271883013375,49.970700213100415,64.2313592956165,49.417490274758045
