epoch,train_acc,train_f1,val_acc,val_f1,test_acc,test_f1
0,57.9668530552617,57.53552079155555,51.20243953149907,44.55622750912229,53.281473612123236,43.47785878095483
0,51.20243953149907,44.55622750912229,53.281473612123236,43.47785878095483
1,59.89622689033298,59.41798189968052,59.84129184281655,48.825634387709584,61.60566125534474,47.16702981526766
1,59.84129184281655,48.825634387709584,61.60566125534474,47.16702981526766
2,60.60148103370107,60.15304274328289,61.417977683831175,50.021837371265775,63.186914492919044,48.07897540404134
2,61.417977683831175,50.021837371265775,63.186914492919044,48.07897540404134
3,60.989370812553524,60.57694166174791,62.75209647238201,50.86404892320166,64.85728333494298,48.960223772651815
3,62.75209647238201,50.86404892320166,64.85728333494298,48.960223772651815
4,61.27650999949625,60.87937384196695,64.92826945734285,51.877988519577244,66.69929848898566,49.58314931678116
4,64.92826945734285,51.877988519577244,66.69929848898566,49.58314931678116
