epoch,train_acc,train_f1,val_acc,val_f1,test_acc,test_f1
0,58.573853989813244,58.68305601092262,51.20243953149907,44.55622750912229,52.56334140979766,44.95146139798731
0,51.20243953149907,44.55622750912229,52.56334140979766,44.95146139798731
1,59.05893766674751,58.99159647901461,49.982673781966874,42.31833188139903,51.51433706134369,43.0666363371041
1,49.982673781966874,42.31833188139903,51.51433706134369,43.0666363371041
2,60.53844288139704,60.448995299548805,46.933259408136394,41.52320008261515,48.439530816257765,42.12535231000204
2,46.933259408136394,41.52320008261515,48.439530816257765,42.12535231000204
3,61.19330584525831,61.20074629620472,48.14262942684871,42.51768047494768,49.76613019688388,43.07480168439846
3,48.14262942684871,42.51768047494768,49.76613019688388,43.07480168439846
4,62.114964831433426,62.030127110852085,50.571765195093214,44.01221913069293,51.991303092055645,44.40763115751085
4,50.571765195093214,44.01221913069293,51.991303092055645,44.40763115751085
