epoch,train_acc,train_f1,val_acc,val_f1,test_acc,test_f1
0,54.014939309056956,54.064858828716154,57.73494093052652,46.584224013064954,58.39366195423078,46.68097384054113
0,57.73494093052652,46.584224013064954,58.39366195423078,46.68097384054113
1,52.474323062558355,52.53742418546897,47.83411930575137,40.75106937132962,48.40368664106345,40.781043665113096
1,47.83411930575137,40.75106937132962,48.40368664106345,40.781043665113096
2,56.27917833800187,56.56696163296836,54.876270115221935,43.94939870956076,55.04997070347754,43.61662122904534
2,54.876270115221935,43.94939870956076,55.04997070347754,43.61662122904534
3,57.983193277310924,58.26068593029687,62.49939228936749,47.18885340578152,63.048615565756116,47.33269103323129
3,62.49939228936749,47.18885340578152,63.048615565756116,47.33269103323129
4,58.333333333333336,58.59871185863344,62.82755603092032,45.82665806758251,63.59539142097853,46.197653570821224
4,62.82755603092032,45.82665806758251,63.59539142097853,46.197653570821224
