epoch,train_acc,train_f1,val_acc,val_f1,test_acc,test_f1
0,51.689286745596306,51.74137200738437,55.32838958578788,45.6790480233421,53.797332242311704,45.68830827383189
0,55.32838958578788,45.6790480233421,53.797332242311704,45.68830827383189
1,48.541726826451054,48.569757225624045,50.88363711968952,41.13284950015044,49.26146228369709,40.97523234112675
1,50.88363711968952,41.13284950015044,49.26146228369709,40.97523234112675
2,51.42939647704303,51.491092728558044,52.83803451382632,40.86275548964025,51.0511573746243,41.0140852213493
2,52.83803451382632,40.86275548964025,51.0511573746243,41.0140852213493
3,53.10424487438637,53.15505781096442,59.01771894564188,45.53275491457473,56.89205704784235,45.54873631536597
3,59.01771894564188,45.53275491457473,56.89205704784235,45.54873631536597
4,53.50851862546924,53.62869808156814,58.715087670663245,44.59448031250775,56.60015630982916,44.67219758037634
4,58.715087670663245,44.59448031250775,56.60015630982916,44.67219758037634
