epoch,train_acc,train_f1,val_acc,val_f1,test_acc,test_f1
0,52.4122467914025,52.48668119776588,57.73494093052652,46.584224013064954,58.357278491292625,46.60541540968467
0,57.73494093052652,46.584224013064954,58.357278491292625,46.60541540968467
1,54.901809185093555,55.156463505594836,48.95230686956099,42.23389531803829,49.10238880636464,42.04388680192192
1,48.95230686956099,42.23389531803829,49.10238880636464,42.04388680192192
2,55.883717334158035,56.12599630189637,59.68690748213331,47.11047636407231,59.87372312998898,47.05216119572385
2,59.68690748213331,47.11047636407231,59.87372312998898,47.05216119572385
3,56.78057832070512,56.968967571329046,53.274344887938156,45.86144213849606,52.79707992120985,45.12736775846058
3,53.274344887938156,45.86144213849606,52.79707992120985,45.12736775846058
4,57.252203494665224,57.44129987160821,53.48582818804998,45.88919344150683,53.15736472339282,45.35469564302381
4,53.48582818804998,45.88919344150683,53.15736472339282,45.35469564302381
