epoch,train_acc,train_f1,val_acc,val_f1,test_acc,test_f1
0,52.32466509062254,52.4562821024925,55.32838958578788,45.6790480233421,53.72416035919789,45.72187761642775
0,55.32838958578788,45.6790480233421,53.72416035919789,45.72187761642775
1,49.1725768321513,49.22911991409906,48.58271536489015,41.416755597420114,47.51792580003882,41.79875477487676
1,48.58271536489015,41.416755597420114,47.51792580003882,41.79875477487676
2,50.275807722616236,50.29731562050824,42.05650657241204,36.86195674208311,41.32585354083725,37.2743624891339
2,42.05650657241204,36.86195674208311,41.32585354083725,37.2743624891339
3,52.915681639085896,53.03253683973311,48.63353893778733,41.117856202014906,47.02985098113267,41.06491594844563
3,48.63353893778733,41.117856202014906,47.02985098113267,41.06491594844563
4,54.491725768321515,54.62280617569672,47.24051100792386,41.038653171908216,45.514747150492795,40.80218327223985
4,47.24051100792386,41.038653171908216,45.514747150492795,40.80218327223985
