epoch,train_acc,train_f1,val_acc,val_f1,test_acc,test_f1
0,54.94985857546927,55.10264640095352,57.73494093052652,46.584224013064954,58.4528103834651,46.76540726378963
0,57.73494093052652,46.584224013064954,58.4528103834651,46.76540726378963
1,53.68989457444073,53.71317192155423,45.44946278380087,39.49253539292887,45.90056954661202,39.45647198415905
1,45.44946278380087,39.49253539292887,45.90056954661202,39.45647198415905
2,55.541270249421444,55.56723731143541,47.27745636637658,40.80530406796765,47.64031090413789,40.76621892109335
2,47.27745636637658,40.80530406796765,47.64031090413789,40.76621892109335
3,56.33839033170481,56.4662082705102,49.586756769896446,42.298256233344794,50.01180191663126,42.28486174893336
3,49.586756769896446,42.298256233344794,50.01180191663126,42.28486174893336
4,57.21265106711237,57.22632629565677,51.431766250182314,43.727584801802436,51.476350347531735,43.44166008966217
4,51.431766250182314,43.727584801802436,51.476350347531735,43.44166008966217
