epoch,train_acc,train_f1,val_acc,val_f1,test_acc,test_f1
0,56.35900820213067,56.18135157445398,55.32838958578788,45.6790480233421,54.20284377049727,44.477553579619375
0,55.32838958578788,45.6790480233421,54.20284377049727,44.477553579619375
1,59.6115772602998,59.39583493190832,69.40420911590084,49.72013556290495,68.36110771419996,48.523221381556716
1,69.40420911590084,49.72013556290495,68.36110771419996,48.523221381556716
2,61.05402092957481,60.79031039888007,70.47612447155035,49.68470119070001,69.87137441495925,48.64913549787232
2,70.47612447155035,49.68470119070001,69.87137441495925,48.64913549787232
3,61.82709531441501,61.554957917410434,72.06551620578927,48.89823647197065,71.27463841424776,47.40353006669193
3,72.06551620578927,48.89823647197065,71.27463841424776,47.40353006669193
4,62.83114924106722,62.55559148907307,69.39034814147435,50.06242095510988,68.78439372547275,48.92197482586331
4,69.39034814147435,50.06242095510988,68.78439372547275,48.92197482586331
