epoch,train_acc,train_f1,val_acc,val_f1,test_acc,test_f1
0,53.046244188891606,53.083284513803456,55.32838958578788,45.6790480233421,53.77346614423516,45.613350422702695
0,55.32838958578788,45.6790480233421,53.77346614423516,45.613350422702695
1,51.26009297773428,51.219775763002886,46.10853142975951,38.47666454336989,45.12974240349966,38.838652852477814
1,46.10853142975951,38.47666454336989,45.12974240349966,38.838652852477814
2,54.343038903841446,54.452966807873025,52.269734562339735,42.94887260685969,50.80357939018185,43.07894359803337
2,52.269734562339735,42.94887260685969,50.80357939018185,43.07894359803337
3,55.223880597014926,55.386264921020825,54.51983274424192,44.986689845347506,52.430408031597665,44.60530685061406
3,54.51983274424192,44.986689845347506,52.430408031597665,44.60530685061406
4,55.615365793980914,55.780391636501534,52.91195971076767,44.296275912246124,50.94126841754657,43.9328395793657
4,52.91195971076767,44.296275912246124,50.94126841754657,43.9328395793657
