epoch,train_acc,train_f1,val_acc,val_f1,test_acc,test_f1
0,57.819194515852615,57.76245175812562,55.32838958578788,45.6790480233421,53.4654978821803,45.03289232173782
0,55.32838958578788,45.6790480233421,53.4654978821803,45.03289232173782
1,61.311053984575835,61.295898155542936,57.31743941599095,46.6340422815299,55.271203210636905,46.01637017838556
1,57.31743941599095,46.6340422815299,55.271203210636905,46.01637017838556
2,62.25364181662382,62.23361229329751,68.81742786517893,50.20725902218523,66.87251948282955,49.98165011927232
2,68.81742786517893,50.20725902218523,66.87251948282955,49.98165011927232
3,62.924878606112536,62.90538106594546,61.032180562293526,48.092340460826385,59.15164923124812,47.679409836529764
3,61.032180562293526,48.092340460826385,59.15164923124812,47.679409836529764
4,63.703227649243075,63.678920573088845,58.98075634717121,47.58635006324774,57.13527364898667,47.27689231108853
4,58.98075634717121,47.58635006324774,57.13527364898667,47.27689231108853
