epoch,train_acc,train_f1,val_acc,val_f1,test_acc,test_f1
0,60.82309778274047,60.55022704521692,51.20243953149907,44.55622750912229,52.77750950420116,43.279989654292436
0,51.20243953149907,44.55622750912229,52.77750950420116,43.279989654292436
1,63.20518955707981,62.91964133221614,61.94815995564488,50.06182366652244,63.93012985416648,47.649720839908454
1,61.94815995564488,50.06182366652244,63.93012985416648,47.649720839908454
2,64.20481735524007,63.95329732084236,68.13361979347148,52.14745098919039,70.61775112601737,49.31830976317562
2,68.13361979347148,52.14745098919039,70.61775112601737,49.31830976317562
3,64.52916467272824,64.31545532791141,69.14547092660614,52.93576223553852,71.6392881287479,49.74622893396705
3,69.14547092660614,52.93576223553852,71.6392881287479,49.74622893396705
4,65.15127346200883,64.97124413139036,68.69498925774482,51.797266139551446,71.04533043012546,48.49174361447646
4,68.69498925774482,51.797266139551446,71.04533043012546,48.49174361447646
