epoch,train_acc,train_f1,val_acc,val_f1,test_acc,test_f1
0,52.72712537482778,52.83221447435822,55.32838958578788,45.6790480233421,53.7211926493313,45.539852175440394
0,55.32838958578788,45.6790480233421,53.7211926493313,45.539852175440394
1,55.81489585865953,55.98985029443103,57.86263774343336,46.49657911437189,55.86124667874732,46.30360651829615
1,57.86263774343336,46.49657911437189,55.86124667874732,46.30360651829615
2,56.268741389091495,56.42621573172871,62.06482315706794,48.617609026020006,59.979600004446866,48.459019378666724
2,62.06482315706794,48.617609026020006,59.979600004446866,48.459019378666724
3,57.192641218899425,57.359569747937066,59.181740476355486,47.82700747387709,57.31425998599237,47.666033012529965
3,59.181740476355486,47.82700747387709,57.31425998599237,47.666033012529965
4,58.01928843504336,58.13308569550394,55.02113798600042,45.94279776107544,53.45827172571734,45.89034003715092
4,55.02113798600042,45.94279776107544,53.45827172571734,45.89034003715092
