epoch,train_acc,train_f1,val_acc,val_f1,test_acc,test_f1
0,51.564888032427405,51.714317340906476,57.73494093052652,46.584224013064954,58.77337790627279,46.57693399045837
0,57.73494093052652,46.584224013064954,58.77337790627279,46.57693399045837
1,54.27603163000864,54.52287189332713,54.02061354465458,45.091216987458765,54.23821912994173,44.44479437998687
1,54.02061354465458,45.091216987458765,54.23821912994173,44.44479437998687
2,55.52528407203136,55.700588374406365,61.142982157615826,48.282608501254416,62.0259818499148,48.31938120030534
2,61.142982157615826,48.282608501254416,62.0259818499148,48.31938120030534
3,56.09675061465878,56.12555799090839,58.182215956050364,47.28591214482865,58.89416190962758,47.22870884392583
3,58.182215956050364,47.28591214482865,58.89416190962758,47.22870884392583
4,57.18652402152967,57.23059245970783,60.18523020078759,48.61417794508504,60.41444564867507,48.115581110912345
4,60.18523020078759,48.61417794508504,60.41444564867507,48.115581110912345
