epoch,train_acc,train_f1,val_acc,val_f1,test_acc,test_f1
0,56.32949125596184,55.786878872891435,51.20243953149907,44.55622750912229,53.523797817326184,43.535926303388806
0,51.20243953149907,44.55622750912229,53.523797817326184,43.535926303388806
1,58.202503974562795,57.58332397329392,55.728047681752024,47.04448830776582,56.78815069756008,45.0329093111649
1,55.728047681752024,47.04448830776582,56.78815069756008,45.0329093111649
2,58.97257551669316,58.285498509009024,59.020029108046295,48.93869172669287,60.660509056428175,46.89449391962206
2,59.020029108046295,48.93869172669287,60.660509056428175,46.89449391962206
3,59.58863275039746,59.0010653416355,60.707602744472936,49.55124558168828,62.594273773672704,47.664404289025725
3,60.707602744472936,49.55124558168828,62.594273773672704,47.664404289025725
4,60.274244833068366,59.7545605596501,66.10645228359553,52.0840046185484,68.25113918716033,49.76066303298754
4,66.10645228359553,52.0840046185484,68.25113918716033,49.76066303298754
