epoch,train_acc,train_f1,val_acc,val_f1,test_acc,test_f1
0,52.702285361334155,52.75162032873128,55.32838958578788,45.6790480233421,53.853486898422474,45.58342684374694
0,55.32838958578788,45.6790480233421,53.853486898422474,45.58342684374694
1,55.04169240271773,55.14856556144383,64.01922055120475,48.68963054023114,61.87591021778524,48.48834194118769
1,64.01922055120475,48.68963054023114,61.87591021778524,48.48834194118769
2,56.30018529956764,56.38860087990274,55.155127405456604,45.84647509844766,53.546097319651814,45.71094681312526
2,55.155127405456604,45.84647509844766,53.546097319651814,45.71094681312526
3,57.19579987646696,57.270296057489304,59.341141682260265,47.689500372412425,57.549388000133405,47.505316895153385
3,59.341141682260265,47.689500372412425,57.549388000133405,47.505316895153385
4,57.89067325509574,57.97925895160091,61.50576385519902,48.265974675999956,60.01767629042479,48.36522617257668
4,61.50576385519902,48.265974675999956,60.01767629042479,48.36522617257668
