epoch,train_acc,train_f1,val_acc,val_f1,test_acc,test_f1
0,60.2498398462524,60.035046371347214,51.20243953149907,44.55622750912229,52.588613789894254,44.49630567187216
0,51.20243953149907,44.55622750912229,52.588613789894254,44.49630567187216
1,61.53106982703395,61.021485507515685,59.338831519855844,47.64180582256956,60.46236421110059,47.08853092521223
1,59.338831519855844,47.64180582256956,60.46236421110059,47.08853092521223
2,63.372837924407435,62.98281671442684,64.38076096749602,50.12071733292274,65.85019495836075,49.42418992470892
2,64.38076096749602,50.12071733292274,65.85019495836075,49.42418992470892
3,64.09352978859705,63.569110785336534,65.6663663455541,50.9310821884216,66.87152003337559,49.56498583066051
3,65.6663663455541,50.9310821884216,66.87152003337559,49.56498583066051
4,64.70211402946829,64.24539339552614,64.03423660683346,50.84061026922399,65.48033568139151,50.10940238020088
4,64.03423660683346,50.84061026922399,65.48033568139151,50.10940238020088
