epoch,train_acc,train_f1,val_acc,val_f1,test_acc,test_f1
0,60.09428161508506,60.19720242151764,51.20243953149907,44.55622750912229,52.47669324946647,44.749766594811256
0,51.20243953149907,44.55622750912229,52.47669324946647,44.749766594811256
1,60.1762656282025,60.0918564820102,53.48950031187192,44.5077097133135,54.668570786733206,44.62335373124145
1,53.48950031187192,44.5077097133135,54.668570786733206,44.62335373124145
2,62.430825988932156,62.53883056849089,62.644673920576615,49.073104353348356,63.84926429293497,48.52352966522137
2,62.644673920576615,49.073104353348356,63.84926429293497,48.52352966522137
3,63.51711416273827,63.59876907067474,62.31894102155381,49.52064584039205,63.42163957574493,48.995031577746076
3,62.31894102155381,49.52064584039205,63.42163957574493,48.995031577746076
4,64.45993031358886,64.57295010120595,57.987386513271886,47.76309882161896,59.050320116814554,47.568319031399014
4,57.987386513271886,47.76309882161896,59.050320116814554,47.568319031399014
