epoch,train_acc,train_f1,val_acc,val_f1,test_acc,test_f1
0,50.87483176312248,50.809170576747896,57.73494093052652,46.584224013064954,58.58832415560757,46.42126867929179
0,57.73494093052652,46.584224013064954,58.58832415560757,46.42126867929179
1,53.98534469866906,54.179944205639764,51.859594535465995,42.87569665208426,52.18807534343578,42.45705655611741
1,51.859594535465995,42.87569665208426,52.18807534343578,42.45705655611741
2,56.28832062210259,56.47561029658411,58.88959113228645,45.95863667134055,59.1623138421209,45.40840736155033
2,58.88959113228645,45.95863667134055,59.1623138421209,45.40840736155033
3,57.46971736204576,57.585644595120954,60.71758471486217,46.93735196186557,61.316371896443044,46.94018704725511
3,60.71758471486217,46.93735196186557,61.316371896443044,46.94018704725511
4,58.38193509795125,58.44232027661253,62.878603724050755,47.375524271033484,63.76422825184457,47.661175488836875
4,62.878603724050755,47.375524271033484,63.76422825184457,47.661175488836875
