epoch,train_acc,train_f1,val_acc,val_f1,test_acc,test_f1
0,52.484689413823276,52.52298242681563,55.32838958578788,45.6790480233421,53.569165434514346,45.550412420326055
0,55.32838958578788,45.6790480233421,53.569165434514346,45.550412420326055
1,55.86176727909012,55.930780056647656,57.1487975604685,46.269127567062014,54.77343220197663,45.87345643628534
1,57.1487975604685,46.269127567062014,54.77343220197663,45.87345643628534
2,56.46544181977253,56.51874961062323,56.79765287499711,46.433853830935064,54.6661515714111,46.24321893809369
2,56.79765287499711,46.433853830935064,54.6661515714111,46.24321893809369
3,57.15660542432196,57.227357227543294,60.97673666458752,48.43458153739171,58.778112527931874,48.282837893569976
3,60.97673666458752,48.43458153739171,58.778112527931874,48.282837893569976
4,57.917760279965,57.974958534793494,64.17862175710952,49.431882565949245,62.32031884025747,49.669998558252026
4,64.17862175710952,49.431882565949245,62.32031884025747,49.669998558252026
