epoch,train_acc,train_f1,val_acc,val_f1,test_acc,test_f1
0,53.989001354905554,54.08316443807005,55.32838958578788,45.6790480233421,53.830418783559935,45.51614786748333
0,55.32838958578788,45.6790480233421,53.830418783559935,45.51614786748333
1,57.10528413166494,57.28245313927567,55.9821655462379,45.90007693912106,54.0941734944581,45.66922088522654
1,55.9821655462379,45.90007693912106,54.0941734944581,45.66922088522654
2,57.28859488323902,57.42224596749104,64.9894887610599,49.5721218877224,63.088514858089404,49.663790380233806
2,64.9894887610599,49.5721218877224,63.088514858089404,49.663790380233806
3,57.910257432055474,58.04099086460903,64.52052579296324,49.807852434570506,62.773343264666316,49.93879460475803
3,64.52052579296324,49.807852434570506,62.773343264666316,49.93879460475803
4,58.47612975213198,58.57198081243625,57.59003857971216,47.212859041666654,55.852908805905436,47.11751059062148
4,57.59003857971216,47.212859041666654,55.852908805905436,47.11751059062148
