epoch,train_acc,train_f1,val_acc,val_f1,test_acc,test_f1
0,57.13756711720052,57.041579305515135,51.20243953149907,44.55622750912229,52.73021934821328,44.81037385374524
0,51.20243953149907,44.55622750912229,52.73021934821328,44.81037385374524
1,58.044806517311606,57.69979716786137,60.78730334742532,48.83660604748638,61.82306124741259,48.56968514882327
1,60.78730334742532,48.83660604748638,61.82306124741259,48.56968514882327
2,59.840770227735604,59.452300562417406,64.10354147896597,50.3673990827528,65.15540508014955,49.70178374870251
2,64.10354147896597,50.3673990827528,65.15540508014955,49.70178374870251
3,61.06276615441585,60.76391808180334,60.551666782174784,49.283480626277345,61.52260072848639,49.019513202125516
3,60.551666782174784,49.283480626277345,61.52260072848639,49.019513202125516
4,61.84039992593964,61.52517160638907,61.813015454986484,49.97541941925842,62.98879992297941,49.664625773472665
4,61.813015454986484,49.97541941925842,62.98879992297941,49.664625773472665
