epoch,train_acc,train_f1,val_acc,val_f1,test_acc,test_f1
0,51.760184473481935,51.64884874217927,55.32838958578788,45.6790480233421,54.41823881891252,45.12758384568009
0,55.32838958578788,45.6790480233421,54.41823881891252,45.12758384568009
1,55.070458621573145,54.95294854993552,61.3810150853605,47.70507927410016,60.12412313370613,47.00200971190696
1,61.3810150853605,47.70507927410016,60.12412313370613,47.00200971190696
2,56.55137074045606,56.37387135017522,60.69720701365306,48.03746889846918,59.636079643361384,47.41574376744978
2,60.69720701365306,48.03746889846918,59.636079643361384,47.41574376744978
3,57.40712272610812,57.255059538055576,68.33460392265576,49.995669731027796,67.62153839312515,49.486113337780694
3,68.33460392265576,49.995669731027796,67.62153839312515,49.486113337780694
4,57.85293364078914,57.652404776862824,60.57476840621896,48.06615377975018,59.73168725194828,47.5953001245541
4,60.57476840621896,48.06615377975018,59.73168725194828,47.5953001245541
