epoch,train_acc,train_f1,val_acc,val_f1,test_acc,test_f1
0,57.40294511378849,57.37615534053315,55.32838958578788,45.6790480233421,53.76061516834778,45.58139541893
0,55.32838958578788,45.6790480233421,53.76061516834778,45.58139541893
1,55.63587684069612,55.60742721274418,51.280985053249246,42.00678483273426,49.97875655006373,42.23928379054247
1,51.280985053249246,42.00678483273426,49.97875655006373,42.23928379054247
2,58.47389558232932,58.528066587117586,54.84325548086031,44.17205977606977,53.07321909078034,44.20086946376428
2,54.84325548086031,44.17205977606977,53.07321909078034,44.20086946376428
3,59.30388219544846,59.48140157999643,60.16586966063714,47.39849588693909,57.988061705665444,47.165447667047246
3,60.16586966063714,47.39849588693909,57.988061705665444,47.165447667047246
4,60.133868808567605,60.19766127228131,52.91426987317208,44.487317703503386,51.04932152092611,44.27412834275825
4,52.91426987317208,44.487317703503386,51.04932152092611,44.27412834275825
