epoch,train_acc,train_f1,val_acc,val_f1,test_acc,test_f1
0,52.94519378521427,52.95661520518862,57.73494093052652,46.584224013064954,58.58749107913949,46.52839804486988
0,57.73494093052652,46.584224013064954,58.58749107913949,46.52839804486988
1,54.17449206078197,54.43026533892418,58.30132724002139,43.632923799328545,59.404461402178775,44.11551863698597
1,58.30132724002139,43.632923799328545,59.404461402178775,44.11551863698597
2,56.80382448352399,57.12884867989092,65.95605036705722,46.0749744319904,67.25509634529354,46.711758609572776
2,65.95605036705722,46.0749744319904,67.25509634529354,46.711758609572776
3,57.81116612600307,58.09401654988263,64.49025232145462,47.518296673970035,65.84442019266282,48.16136942409354
3,64.49025232145462,47.518296673970035,65.84442019266282,48.16136942409354
4,58.511183199590235,58.761014087916195,62.97097574019155,47.011507208997976,64.2726825895349,47.733482904960525
4,62.97097574019155,47.011507208997976,64.2726825895349,47.733482904960525
