epoch,train_acc,train_f1,val_acc,val_f1,test_acc,test_f1
0,51.03125,51.06853593834377,57.73494093052652,46.584224013064954,58.63553182213262,46.54113997255052
0,57.73494093052652,46.584224013064954,58.63553182213262,46.54113997255052
1,53.234375,53.16309170145488,54.1397248286256,44.347938262515314,54.364626462396316,43.75662947238832
1,54.1397248286256,44.347938262515314,54.364626462396316,43.75662947238832
2,55.578125,55.56547567946409,64.6385337157859,47.71744370754571,65.33652123928455,47.581313559398666
2,64.6385337157859,47.71744370754571,65.33652123928455,47.581313559398666
3,57.265625,57.22944691087301,64.1742427925519,47.82957705325608,65.00995526379366,47.82811967588541
3,64.1742427925519,47.82957705325608,65.00995526379366,47.82811967588541
4,58.109375,58.04961657307174,63.39151149788517,47.5481193456622,63.731182885277036,47.116067182327754
4,63.39151149788517,47.5481193456622,63.731182885277036,47.116067182327754
