epoch,train_acc,train_f1,val_acc,val_f1,test_acc,test_f1
0,54.254594962559565,54.35114760534526,57.73494093052652,46.584224013064954,58.38838580326622,46.66898219298258
0,57.73494093052652,46.584224013064954,58.38838580326622,46.66898219298258
1,52.91581574767415,53.030160161765814,45.43487772862074,39.73068612028285,45.89001724468289,39.56541894764474
1,45.43487772862074,39.73068612028285,45.89001724468289,39.56541894764474
2,56.932153392330385,57.16999080938964,56.21809519179347,43.67385733288958,57.177370310820834,44.330916922363535
2,56.21809519179347,43.67385733288958,57.177370310820834,44.330916922363535
3,58.18016791468119,58.40445582081669,57.321697700422966,46.08146905726909,58.01488985340631,46.207129070861576
3,57.321697700422966,46.08146905726909,58.01488985340631,46.207129070861576
4,59.54163830270025,59.74373350076155,59.332004472750256,47.272021366554725,59.7332489149179,47.06423608798807
4,59.332004472750256,47.272021366554725,59.7332489149179,47.06423608798807
