epoch,train_acc,train_f1,val_acc,val_f1,test_acc,test_f1
0,52.048388736403375,51.851005471644505,55.32838958578788,45.6790480233421,54.47688185790041,45.093478043631144
0,55.32838958578788,45.6790480233421,54.47688185790041,45.093478043631144
1,55.138761817627326,54.89821053158567,63.446300274909326,48.650996147244484,62.26389923402741,48.058215280383536
1,63.446300274909326,48.650996147244484,62.26389923402741,48.058215280383536
2,56.28240317169869,56.04981985617034,67.33199343913877,50.11900625149318,66.67602361285589,49.97053486111618
2,67.33199343913877,50.11900625149318,66.67602361285589,49.97053486111618
3,57.156653451255465,56.900068320839345,65.22974565111927,49.62613187895218,64.65575702326822,49.410021567639376
3,65.22974565111927,49.62613187895218,64.65575702326822,49.410021567639376
4,58.09189793636271,57.82309602232352,61.36022362372075,48.61019276703282,60.62967615701882,48.31476892262228
4,61.36022362372075,48.61019276703282,60.62967615701882,48.31476892262228
