epoch,train_acc,train_f1,val_acc,val_f1,test_acc,test_f1
0,59.00308036964436,59.09489372236716,51.20243953149907,44.55622750912229,52.4770943983569,45.014670791016314
0,51.20243953149907,44.55622750912229,52.4770943983569,45.014670791016314
1,56.5387846541585,56.44276358852585,48.36787026127937,41.86672519144324,49.505784566999885,42.3988887735969
1,48.36787026127937,41.86672519144324,49.505784566999885,42.3988887735969
2,58.80705684682162,58.79951685236552,51.66331693118026,43.54619103635182,52.82489048635291,43.885686214358884
2,51.66331693118026,43.54619103635182,52.82489048635291,43.885686214358884
3,60.45925511061327,60.57568059784094,59.40813639198836,48.41125423339748,60.42064472649669,48.416256560048126
3,59.40813639198836,48.41125423339748,60.42064472649669,48.416256560048126
4,61.10333239988799,61.170248343247735,52.051424215122324,44.60268856667107,53.082026925113524,44.77397429545819
4,52.051424215122324,44.60268856667107,53.082026925113524,44.77397429545819
