epoch,train_acc,train_f1,val_acc,val_f1,test_acc,test_f1
0,55.33812949640288,55.39121752024978,55.32838958578788,45.6790480233421,53.7645491405582,45.619849464544714
0,55.32838958578788,45.6790480233421,53.7645491405582,45.619849464544714
1,53.381294964028775,53.414520500112594,52.77103980409823,42.51807014626357,51.24182389442267,42.57172096236563
1,52.77103980409823,42.51807014626357,51.24182389442267,42.57172096236563
2,56.28776978417266,56.25071854638436,50.77043916187308,42.07015582970957,49.36217197228385,42.304068280485566
2,50.77043916187308,42.07015582970957,49.36217197228385,42.304068280485566
3,57.64028776978417,57.69268695184754,50.63182941760806,43.116503102303994,49.16521109694881,43.154166958958
3,50.63182941760806,43.116503102303994,49.16521109694881,43.154166958958
4,59.16546762589928,59.1853313893006,54.566035992330264,45.43379772904634,52.66828221792108,45.226150482486545
4,54.566035992330264,45.43379772904634,52.66828221792108,45.226150482486545
