epoch,train_acc,train_f1,val_acc,val_f1,test_acc,test_f1
0,60.44645781028272,60.25202692131019,51.20243953149907,44.55622750912229,52.75424286855668,43.41781640764057
0,51.20243953149907,44.55622750912229,52.75424286855668,43.41781640764057
1,62.56958847287414,62.36187433808647,68.21332039642387,52.2871767618319,70.38157282456957,49.65020703478611
1,68.21332039642387,52.2871767618319,70.38157282456957,49.65020703478611
2,63.30094967798275,63.08781850757836,67.9603576131402,52.61880618359456,70.10808010746551,49.63409441792816
2,67.9603576131402,52.61880618359456,70.10808010746551,49.63409441792816
3,64.21242222464797,64.05507231758274,68.36232587150877,52.73943595907519,70.67921016356884,50.148066216445706
3,68.36232587150877,52.73943595907519,70.67921016356884,50.148066216445706
4,64.87283047702216,64.74728037330125,67.43710582853974,52.67002377228428,69.75556862779528,50.09862401153779
4,67.43710582853974,52.67002377228428,69.75556862779528,50.09862401153779
