epoch,train_acc,train_f1,val_acc,val_f1,test_acc,test_f1
0,51.228580666020044,51.12863218631924,55.32838958578788,45.6790480233421,53.949970364076016,45.46889510929999
0,55.32838958578788,45.6790480233421,53.949970364076016,45.46889510929999
1,52.812803103782734,52.6008749653195,57.67551458867558,45.509861410556866,56.241640309052855,45.38980158731543
1,57.67551458867558,45.509861410556866,56.241640309052855,45.38980158731543
2,54.219204655674105,54.10383925692056,60.00415829232795,47.53298247608104,58.230656658641365,47.41684189105613
2,60.00415829232795,47.53298247608104,58.230656658641365,47.41684189105613
3,55.17297122534756,54.99831061525927,65.27132857439878,48.86394983461264,63.49221335767151,48.8792359109532
3,65.27132857439878,48.86394983461264,63.49221335767151,48.8792359109532
4,55.88425476883285,55.738083374520684,63.55256774551251,48.680642862205744,61.67078422424691,48.52390971719089
4,63.55256774551251,48.680642862205744,61.67078422424691,48.52390971719089
