epoch,train_acc,train_f1,val_acc,val_f1,test_acc,test_f1
0,54.3840677660629,54.40647835568358,51.20243953149907,44.55622750912229,52.91447535931587,45.27828493257904
0,51.20243953149907,44.55622750912229,52.91447535931587,45.27828493257904
1,56.285482562854824,56.357909866710735,50.32226765541618,43.979041674742405,51.608031818221725,44.272267245906825
1,50.32226765541618,43.979041674742405,51.608031818221725,44.272267245906825
2,57.22267279444895,57.27002645174023,57.87303347425324,48.13676035629245,58.59504640157335,47.80344641472459
2,57.87303347425324,48.13676035629245,58.59504640157335,47.80344641472459
3,58.43020636207984,58.50128555447348,57.682445075888836,48.28207710539592,58.89224474744726,48.309447438635075
3,57.682445075888836,48.28207710539592,58.89224474744726,48.309447438635075
4,59.18716770298279,59.263642583986694,54.366206944348185,46.485739664328754,55.54097122839056,46.67377165743467
4,54.366206944348185,46.485739664328754,55.54097122839056,46.67377165743467
