epoch,train_acc,train_f1,val_acc,val_f1,test_acc,test_f1
0,50.440806045340054,50.3959212908637,57.73494093052652,46.584224013064954,58.43642654625935,46.732822998412956
0,57.73494093052652,46.584224013064954,58.43642654625935,46.732822998412956
1,49.05541561712846,48.701353590968225,41.18819582867422,36.65498463299495,41.4741565794991,36.458184146888755
1,41.18819582867422,36.65498463299495,41.4741565794991,36.458184146888755
2,52.246011754827876,52.16368363256518,49.044678885701785,42.32944173907513,49.11124625462705,41.97914727368282
2,49.044678885701785,42.32944173907513,49.11124625462705,41.97914727368282
3,53.58942065491184,53.658319605084856,54.548106373669114,45.09968613956239,54.71368550252561,44.868138033992736
3,54.548106373669114,45.09968613956239,54.71368550252561,44.868138033992736
4,54.638958858102434,54.586874400017436,49.38742768243473,43.145852802767635,49.55333216702628,42.703814261937026
4,49.38742768243473,43.145852802767635,49.55333216702628,42.703814261937026
