epoch,train_acc,train_f1,val_acc,val_f1,test_acc,test_f1
0,49.92492834068884,49.928502923277485,57.73494093052652,46.584224013064954,59.448764252660055,45.869726785336226
0,57.73494093052652,46.584224013064954,59.448764252660055,45.869726785336226
1,53.00514127121343,52.921594516736505,60.55228742282075,47.767885371509536,61.58684783282785,47.25276569038721
1,60.55228742282075,47.767885371509536,61.58684783282785,47.25276569038721
2,53.89235179034533,53.60009806608408,56.538966405756234,46.37716973756294,56.730976519471625,45.014049076192336
2,56.538966405756234,46.37716973756294,56.730976519471625,45.014049076192336
3,55.04345056644979,54.656417539288604,48.46613836355681,43.015271217666815,47.1243661792978,40.64410654445098
3,48.46613836355681,43.015271217666815,47.1243661792978,40.64410654445098
4,55.80326675462942,55.4964922234651,56.66780105984734,46.69491082486583,56.425915699262596,45.02369078940989
4,56.66780105984734,46.69491082486583,56.425915699262596,45.02369078940989
