epoch,train_acc,train_f1,val_acc,val_f1,test_acc,test_f1
0,57.81930333817126,57.718455817269984,51.20243953149907,44.55622750912229,52.72701015708991,44.78994190248912
0,51.20243953149907,44.55622750912229,52.72701015708991,44.78994190248912
1,58.99854862119013,58.71379462584333,57.280476817520274,47.1929419157292,58.617881612939456,47.2963903389342
1,57.280476817520274,47.1929419157292,58.617881612939456,47.2963903389342
2,60.41364296081277,60.10827653127272,56.21664703028623,47.210181805472104,57.639078320309366,47.27797285631268
2,56.21664703028623,47.210181805472104,57.639078320309366,47.27797285631268
3,61.19375907111756,60.96441281919617,60.499688128075405,49.27587180172246,61.575953530912535,49.029444910057165
3,60.499688128075405,49.27587180172246,61.575953530912535,49.029444910057165
4,62.06458635703919,61.89819495429442,58.24034929655555,48.197739068812076,59.634794050159655,48.185103815653434
4,58.24034929655555,48.197739068812076,59.634794050159655,48.185103815653434
