epoch,train_acc,train_f1,val_acc,val_f1,test_acc,test_f1
0,55.0614788613778,54.99397489290195,57.73494093052652,46.584224013064954,58.54333802633077,46.464281485137285
0,57.73494093052652,46.584224013064954,58.54333802633077,46.464281485137285
1,55.78575037897928,55.99097934548204,56.11113812047255,44.05276356771755,57.02658347009672,44.20427648517415
1,56.11113812047255,44.05276356771755,57.02658347009672,44.20427648517415
2,58.73336702038066,58.956641962288145,62.397296903106614,46.528990796678855,63.66870215017036,47.08928361687191
2,62.397296903106614,46.528990796678855,63.66870215017036,47.08928361687191
3,60.45140643422604,60.63224955222135,64.85487870095776,47.17556731467185,66.18625923673534,47.73953417317983
3,64.85487870095776,47.17556731467185,66.18625923673534,47.73953417317983
4,61.22620852282297,61.41141024447075,66.45437308571151,46.91292291748581,67.8968429178781,47.86423939775853
4,66.45437308571151,46.91292291748581,67.8968429178781,47.86423939775853
