epoch,train_acc,train_f1,val_acc,val_f1,test_acc,test_f1
0,53.114586003588826,53.23627833684873,57.73494093052652,46.584224013064954,58.37394581115267,46.76502902650348
0,57.73494093052652,46.584224013064954,58.37394581115267,46.76502902650348
1,51.884132273775954,51.98301711485506,44.2680733142107,39.16014761688167,44.67400329342897,39.06300701490177
1,44.2680733142107,39.16014761688167,44.67400329342897,39.06300701490177
2,52.98641374006665,53.26703927513052,45.64393018620254,39.69939455749773,45.635373537603684,39.41398005707142
2,45.64393018620254,39.69939455749773,45.635373537603684,39.41398005707142
3,53.70417841579082,54.05937494885613,52.03947688268754,44.12443168957308,51.89983088547698,43.73759827556327
3,52.03947688268754,44.12443168957308,51.89983088547698,43.73759827556327
4,55.114073314534735,55.511169339816306,45.733871359813314,41.251099725540705,45.51207822032651,40.799227467891775
4,45.733871359813314,41.251099725540705,45.51207822032651,40.799227467891775
