epoch,train_acc,train_f1,val_acc,val_f1,test_acc,test_f1
0,56.81730822030641,56.42652155370506,51.20243953149907,44.55622750912229,53.32625091091074,43.95563788856947
0,51.20243953149907,44.55622750912229,53.32625091091074,43.95563788856947
1,59.12360661138872,58.84208935694352,70.98205003811768,52.22216183035867,73.4663775165281,49.48057334903379
1,70.98205003811768,52.22216183035867,73.4663775165281,49.48057334903379
2,60.03514359453078,59.77683521035977,66.71633515836163,51.860668338990735,69.50358657383426,50.153828115846665
2,66.71633515836163,51.860668338990735,69.50358657383426,50.153828115846665
3,60.573279885783315,60.29631477818648,65.10499688128075,51.236062166403684,68.01847283071547,49.58452478677102
3,65.10499688128075,51.236062166403684,68.01847283071547,49.58452478677102
4,61.42990500247103,61.18818730082325,60.64176311594705,49.49644900470796,63.7439967690106,48.53683061793804
4,60.64176311594705,49.49644900470796,63.7439967690106,48.53683061793804
