epoch,train_acc,train_f1,val_acc,val_f1,test_acc,test_f1
0,56.99633310304512,56.599820726773885,51.20243953149907,44.55622750912229,53.271376770239776,43.78027949792982
0,51.20243953149907,44.55622750912229,53.271376770239776,43.78027949792982
1,59.36653026518574,59.02384748929398,62.17340079007554,49.96062514780219,64.65139555914554,48.41740734149355
1,62.17340079007554,49.96062514780219,64.65139555914554,48.41740734149355
2,60.13711006005208,59.84911524324929,65.64210964030771,51.60791944527069,67.91838239813164,49.24509406279209
2,65.64210964030771,51.60791944527069,67.91838239813164,49.24509406279209
3,60.74825955253228,60.45998206403777,62.620417215330235,50.54005581222737,65.0807308357551,48.677517032151
3,62.620417215330235,50.54005581222737,65.0807308357551,48.677517032151
4,61.6357549024818,61.398806703272435,66.2104095917943,52.14505411610659,68.63174622685409,49.875913743872786
4,66.2104095917943,52.14505411610659,68.63174622685409,49.875913743872786
