epoch,train_acc,train_f1,val_acc,val_f1,test_acc,test_f1
0,54.51327433628319,54.76620061178624,51.20243953149907,44.55622750912229,52.59743906548354,45.15966293987192
0,51.20243953149907,44.55622750912229,52.59743906548354,45.15966293987192
1,52.89085545722714,53.043552033842,50.457412156074575,42.55316440416943,51.885399784984195,43.44117793852975
1,50.457412156074575,42.55316440416943,51.885399784984195,43.44117793852975
2,54.51327433628319,54.686065985519015,49.05398849539122,42.491858918548566,49.78337959917203,42.47869282818517
2,49.05398849539122,42.491858918548566,49.78337959917203,42.47869282818517
3,55.899705014749266,56.11205932033611,50.40543350197519,43.80304557142817,51.30573963832416,43.93927024421888
3,50.40543350197519,43.80304557142817,51.30573963832416,43.93927024421888
4,56.54867256637168,56.85487524762487,53.7840460184351,45.5861901995471,54.638885768841966,45.682070777073086
4,53.7840460184351,45.5861901995471,54.638885768841966,45.682070777073086
