epoch,train_acc,train_f1,val_acc,val_f1,test_acc,test_f1
0,59.20142761543609,59.40965879222507,57.73494093052652,46.584224013064954,58.23982049979034,46.54956610335439
0,57.73494093052652,46.584224013064954,58.23982049979034,46.54956610335439
1,57.68458621458844,57.743530725024925,38.86187952744421,36.12902521755566,38.79276112087662,35.660684481728474
1,38.86187952744421,36.12902521755566,38.79276112087662,35.660684481728474
2,59.469105509703326,59.65922133717262,52.080801205697895,43.27994264371173,52.35996678801814,43.1581611538211
2,52.080801205697895,43.27994264371173,52.35996678801814,43.1581611538211
3,61.34285076957394,61.570432728548,49.90033545626914,43.424609339152376,49.53417140826023,42.7081430740476
3,49.90033545626914,43.424609339152376,49.53417140826023,42.7081430740476
4,62.25741690832032,62.45619089447859,50.544508726724686,43.967008135807355,50.151758763270216,43.22636923777824
4,50.544508726724686,43.967008135807355,50.151758763270216,43.22636923777824
