epoch,train_acc,train_f1,val_acc,val_f1,test_acc,test_f1
0,58.45961698584513,58.470039601409695,51.20243953149907,44.55622750912229,52.432899900787554,44.70688602347075
0,51.20243953149907,44.55622750912229,52.432899900787554,44.70688602347075
1,60.98251457119068,61.00573712862515,45.70309792778432,41.24193882107384,46.94460784744111,41.53614028989131
1,45.70309792778432,41.24193882107384,46.94460784744111,41.53614028989131
2,61.55703580349709,61.62720848299964,56.06417631159471,47.4026798456524,56.91106877266302,47.015580208459795
2,56.06417631159471,47.4026798456524,56.91106877266302,47.015580208459795
3,61.83180682764363,61.91699923240442,53.153371682029245,45.64290282001373,54.444366401222155,45.76508221013923
3,53.153371682029245,45.64290282001373,54.444366401222155,45.76508221013923
4,62.23980016652789,62.34521858190353,54.78550142074988,46.72506852080538,56.00849890690712,46.77856399398362
4,54.78550142074988,46.72506852080538,56.00849890690712,46.77856399398362
