epoch,train_acc,train_f1,val_acc,val_f1,test_acc,test_f1
0,55.974657433328424,55.51037057723386,55.32838958578788,45.6790480233421,53.783432207168225,45.23078139864421
0,55.32838958578788,45.6790480233421,53.783432207168225,45.23078139864421
1,57.89008398408723,57.369242125865526,57.51149305796198,44.75352747111881,55.94580559882925,44.451228369506126
1,57.51149305796198,44.75352747111881,55.94580559882925,44.451228369506126
2,59.864446736407835,59.45750292503931,64.51359530574999,48.23595116872361,62.47279002554459,47.91867725202982
2,64.51359530574999,48.23595116872361,62.47279002554459,47.91867725202982
3,60.60114925593046,60.237148633386504,65.65250537112759,48.89252182564297,63.75159325874522,48.55391797249271
3,65.65250537112759,48.89252182564297,63.75159325874522,48.55391797249271
4,61.70620303521438,61.32503261681306,66.30166100676878,48.80516749176038,64.48488567876757,48.65763399432406
4,66.30166100676878,48.80516749176038,64.48488567876757,48.65763399432406
