epoch,train_acc,train_f1,val_acc,val_f1,test_acc,test_f1
0,52.8830579850988,52.90855482860288,57.73494093052652,46.584224013064954,58.56694185959329,46.481123124472376
0,57.73494093052652,46.584224013064954,58.56694185959329,46.481123124472376
1,54.53514739229025,54.64868324241685,52.29957703339978,42.67884331495782,52.07477694377567,41.84983709378387
1,52.29957703339978,42.67884331495782,52.07477694377567,41.84983709378387
2,56.85131195335277,56.98994159067801,61.80417132578152,45.975020042696585,62.081691478460804,45.66330400591187
2,61.80417132578152,45.975020042696585,62.081691478460804,45.66330400591187
3,57.22384191771947,57.44051209491795,67.00374349749623,46.93333612607014,67.6891291851679,47.15532110286953
3,67.00374349749623,46.93333612607014,67.6891291851679,47.15532110286953
4,58.24425008098478,58.363557947258236,62.66712042393894,47.1409252314625,62.91449025439378,46.837915298507674
4,62.66712042393894,47.1409252314625,62.91449025439378,46.837915298507674
