epoch,train_acc,train_f1,val_acc,val_f1,test_acc,test_f1
0,57.928084904166006,57.4747292694637,51.20243953149907,44.55622750912229,52.5224242229746,44.5233750522312
0,51.20243953149907,44.55622750912229,52.5224242229746,44.5233750522312
1,60.28829399651513,59.64211372382857,60.0388107283942,47.859597378261284,61.29996309430208,47.51949857318068
1,60.0388107283942,47.859597378261284,61.29996309430208,47.51949857318068
2,62.25249485189292,61.70098140618494,60.04920645921408,48.49625271457857,61.77532452945235,48.38436501648072
2,60.04920645921408,48.49625271457857,61.77532452945235,48.38436501648072
3,63.15539363218755,62.72728939506952,61.26550696513965,49.20130909211689,62.941464353909595,48.8507426925731
3,61.26550696513965,49.20130909211689,62.941464353909595,48.8507426925731
4,63.994931094566766,63.53913180096039,63.81246101600942,50.13512626941227,65.7499077357552,49.816121065047675
4,63.81246101600942,50.13512626941227,65.7499077357552,49.816121065047675
