epoch,train_acc,train_f1,val_acc,val_f1,test_acc,test_f1
0,57.126891334250345,57.26989503783554,51.20243953149907,44.55622750912229,52.62298392407175,44.92624451341406
0,51.20243953149907,44.55622750912229,52.62298392407175,44.92624451341406
1,59.12998624484182,59.25394457278513,51.88855776561092,44.78611715276939,52.93071810495448,44.7222267504157
1,51.88855776561092,44.78611715276939,52.93071810495448,44.7222267504157
2,59.740371389270976,59.82508516472854,48.55152817243052,43.08855493696159,50.16506141513824,43.60655839004319
2,48.55152817243052,43.08855493696159,50.16506141513824,43.60655839004319
3,60.14442916093535,60.273085109914206,54.74045325386375,46.71301504123974,56.20999675145087,46.92920862991585
3,54.74045325386375,46.71301504123974,56.20999675145087,46.92920862991585
4,60.986932599724895,61.1406177905351,56.56663663455541,47.68271026925303,58.07615652738878,47.888423692801645
4,56.56663663455541,47.68271026925303,58.07615652738878,47.888423692801645
