epoch,train_acc,train_f1,val_acc,val_f1,test_acc,test_f1
0,59.11527240654047,59.1213508676098,51.20243953149907,44.55622750912229,52.730098246661456,44.28183884218874
0,51.20243953149907,44.55622750912229,52.730098246661456,44.28183884218874
1,61.30673722776308,61.23787313488131,63.663455540924524,50.514110081439476,65.53113778238233,49.53526654890432
1,63.663455540924524,50.514110081439476,65.53113778238233,49.53526654890432
2,61.944500983784515,61.85408328239813,60.99868320742948,49.15029027720757,62.65309885247197,47.97132068427848
2,60.99868320742948,49.15029027720757,62.65309885247197,47.97132068427848
3,62.405861998778754,62.32310401172397,66.0752650911359,52.389341391369605,67.59396647848494,50.87390835416535
3,66.0752650911359,52.389341391369605,67.59396647848494,50.87390835416535
4,62.8875771761992,62.792504479552576,64.25947744126412,51.47111963476539,65.67732249312975,50.225921338795985
4,64.25947744126412,51.47111963476539,65.67732249312975,50.225921338795985
