epoch,train_acc,train_f1,val_acc,val_f1,test_acc,test_f1
0,56.365045533811276,56.33011360387381,51.20243953149907,44.55622750912229,52.779159512844785,44.89356322376645
0,51.20243953149907,44.55622750912229,52.779159512844785,44.89356322376645
1,57.50823483820965,57.25385047801499,58.36509806639407,47.80376535305169,59.866256959933246,47.99636239425052
1,58.36509806639407,47.80376535305169,59.866256959933246,47.99636239425052
2,58.82580895175354,58.502517306693406,61.48381731235706,49.63895412090094,62.665473917299146,49.43115850667938
2,61.48381731235706,49.63895412090094,62.665473917299146,49.43115850667938
3,59.658980817670994,59.26132488708614,59.07200776214568,48.7125919848893,60.260185170327816,48.57516080670669
3,59.07200776214568,48.7125919848893,60.260185170327816,48.57516080670669
4,60.55028095330362,60.15114920704656,61.774897775313605,49.88889323377548,63.1821536881629,49.78208434217006
4,61.774897775313605,49.88889323377548,63.1821536881629,49.78208434217006
