epoch,train_acc,train_f1,val_acc,val_f1,test_acc,test_f1
0,50.406396906990025,50.396764768683674,57.73494093052652,46.584224013064954,59.428978120081155,45.670187026877535
0,57.73494093052652,46.584224013064954,59.428978120081155,45.670187026877535
1,53.41593075875401,53.24544009245219,62.817832660800235,47.7161716519844,64.43191650842682,47.2587840738851
1,62.817832660800235,47.7161716519844,64.43191650842682,47.2587840738851
2,54.4967268573437,54.21390474765738,47.583742525159224,42.535364307459794,46.33321619155339,40.227936654195645
2,47.583742525159224,42.535364307459794,46.33321619155339,40.227936654195645
3,55.72250779842713,55.40176234675774,55.85103796976032,46.85341123193981,54.7857339030952,44.577468814478465
3,55.85103796976032,46.85341123193981,54.7857339030952,44.577468814478465
4,56.70225385527877,56.35773637775823,44.11979191987943,40.27323310039656,42.65949247093358,37.96586018896021
4,44.11979191987943,40.27323310039656,42.65949247093358,37.96586018896021
