epoch,train_acc,train_f1,val_acc,val_f1,test_acc,test_f1
0,58.027027027027025,57.9603247138861,55.32838958578788,45.6790480233421,53.70029426112134,45.54710903838918
0,55.32838958578788,45.6790480233421,53.70029426112134,45.54710903838918
1,56.24324324324324,56.165486612723306,57.37057315129253,44.10824315005313,55.96626225432343,44.5460350339644
1,57.37057315129253,44.10824315005313,55.96626225432343,44.5460350339644
2,58.78378378378378,58.76722269864886,64.7723334950447,45.25841106110249,62.80875125231449,45.552670447991915
2,64.7723334950447,45.25841106110249,62.80875125231449,45.552670447991915
3,60.37837837837838,60.321486919380206,62.596160510083855,47.83172021701208,60.511311481429026,47.762703801578965
3,62.596160510083855,47.83172021701208,60.511311481429026,47.762703801578965
4,61.891891891891895,61.83863324559251,64.64296440039735,47.38675884908818,62.485641001431965,47.49853779175632
4,64.64296440039735,47.38675884908818,62.485641001431965,47.49853779175632
