epoch,train_acc,train_f1,val_acc,val_f1,test_acc,test_f1
0,51.01814962372731,50.92365325848473,51.20243953149907,44.55622750912229,52.81526291298278,45.1484899866326
0,51.20243953149907,44.55622750912229,52.81526291298278,45.1484899866326
1,51.350154935812306,50.96786649767574,52.41527479381801,43.53191922653699,54.171547311500134,44.17263319879185
1,52.41527479381801,43.53191922653699,54.171547311500134,44.17263319879185
2,54.36033643204958,54.19933588652825,61.494213043176934,47.01478819276307,63.522327947240896,47.138297630565354
2,61.494213043176934,47.01478819276307,63.522327947240896,47.138297630565354
3,56.020362992474546,55.81726058655164,56.48693603160302,46.674649130751426,58.29375330947835,46.769910974062995
3,56.48693603160302,46.674649130751426,58.29375330947835,46.769910974062995
4,56.795042054006196,56.564757865139356,61.296694157599276,48.45423428573293,63.176537603696985,48.476730859803304
4,61.296694157599276,48.45423428573293,63.176537603696985,48.476730859803304
