epoch,train_acc,train_f1,val_acc,val_f1,test_acc,test_f1
0,50.925647200481635,51.021658841856485,57.73494093052652,46.584224013064954,58.57846973460004,46.73632057816873
0,57.73494093052652,46.584224013064954,58.57846973460004,46.73632057816873
1,53.38651414810355,53.62214713847844,54.35606981379746,45.042371527944105,54.544165896385636,44.70652203880087
1,54.35606981379746,45.042371527944105,54.544165896385636,44.70652203880087
2,54.34226369656833,54.54518872341577,56.71398706791774,47.06635852453573,56.75873616816441,46.63309722273052
2,56.71398706791774,47.06635852453573,56.75873616816441,46.63309722273052
3,55.35069235400361,55.48667957177395,56.05765958481209,46.65984668458733,56.41262650573945,46.56411725413147
3,56.05765958481209,46.65984668458733,56.41262650573945,46.56411725413147
4,55.6742925948224,55.707102026226586,55.727065000729255,46.84045775664629,55.90320742068566,46.520690124161874
4,55.727065000729255,46.84045775664629,55.90320742068566,46.520690124161874
