epoch,train_acc,train_f1,val_acc,val_f1,test_acc,test_f1
0,56.044122091266246,55.968801584894,57.73494093052652,46.584224013064954,58.474748063791445,46.281942531190516
0,57.73494093052652,46.584224013064954,58.474748063791445,46.281942531190516
1,58.59776367482623,58.57088987247664,60.52797899752054,46.21856016779575,61.17113889883952,45.86375579489061
1,60.52797899752054,46.21856016779575,61.17113889883952,45.86375579489061
2,60.75853732245391,60.773530816488275,66.31581506150032,47.429767557038296,67.24648788845661,47.5359893707858
2,66.31581506150032,47.429767557038296,67.24648788845661,47.5359893707858
3,61.58960411000302,61.55774379744581,65.10768632407992,48.286883776616314,65.73806409690346,47.98216887252498
3,65.10768632407992,48.286883776616314,65.73806409690346,47.98216887252498
4,63.04019341190692,62.97478057674347,65.39452574262239,49.024659359651295,65.97799011971308,48.740832503427576
4,65.39452574262239,49.024659359651295,65.97799011971308,48.740832503427576
