epoch,train_acc,train_f1,val_acc,val_f1,test_acc,test_f1
0,56.6507454045448,56.17002288756502,55.32838958578788,45.6790480233421,53.76900764239668,45.18800041052848
0,55.32838958578788,45.6790480233421,53.76900764239668,45.18800041052848
1,58.720509480387896,58.15048913675728,59.722318478989074,44.90543278593507,57.97153902238168,44.45747650160226
1,59.722318478989074,44.90543278593507,57.97153902238168,44.45747650160226
2,59.95078882616877,59.55869696206443,65.17430175341326,48.50724661604248,63.46834725959496,48.189663050651916
2,65.17430175341326,48.50724661604248,63.46834725959496,48.189663050651916
3,61.065277174699666,60.70231820638281,68.87980225009818,49.35041475850412,67.15343016150267,49.05811372325455
3,68.87980225009818,49.35041475850412,67.15343016150267,49.05811372325455
4,61.89028803010566,61.491651191969495,68.27453970014092,49.51851074425598,66.65329116115124,49.39422211647543
4,68.27453970014092,49.51851074425598,66.65329116115124,49.39422211647543
