epoch,train_acc,train_f1,val_acc,val_f1,test_acc,test_f1
0,61.003861003861005,60.636504663093326,51.20243953149907,44.55622750912229,52.49033231174083,44.416115917208245
0,51.20243953149907,44.55622750912229,52.49033231174083,44.416115917208245
1,62.996138996138995,62.344546801050626,60.717998475292816,48.439018733763575,62.00036905697919,47.703642252319206
1,60.717998475292816,48.439018733763575,62.00036905697919,47.703642252319206
2,64.6023166023166,64.12002723953401,68.02966248527271,51.02085838632634,69.38712472521301,49.61233976337814
2,68.02966248527271,51.02085838632634,69.38712472521301,49.61233976337814
3,66.08494208494209,65.62855038672826,67.79402592002218,51.965834903090034,68.9635114969272,50.57860837232136
3,67.79402592002218,51.965834903090034,68.9635114969272,50.57860837232136
4,66.45559845559846,66.04333091890479,67.90491371543419,52.15330486704659,69.06018837951895,50.76561239995711
4,67.90491371543419,52.15330486704659,69.06018837951895,50.76561239995711
