epoch,train_acc,train_f1,val_acc,val_f1,test_acc,test_f1
0,58.24326979760267,58.36736556652507,51.20243953149907,44.55622750912229,52.522023074084174,44.738239915446826
0,51.20243953149907,44.55622750912229,52.522023074084174,44.738239915446826
1,59.441933582236196,59.39984517562331,53.312772887934024,44.45453557513607,54.470403234864655,44.593273270548295
1,53.312772887934024,44.45453557513607,54.470403234864655,44.593273270548295
2,61.52485753586166,61.54421533246355,63.56642871993901,49.765901026734646,64.88743762134754,49.35513055217489
2,63.56642871993901,49.765901026734646,64.88743762134754,49.35513055217489
3,62.76282177245038,62.77228613219559,60.44770947397602,49.171014928660824,61.41509282585324,48.64262255576184
3,60.44770947397602,49.171014928660824,61.41509282585324,48.64262255576184
4,63.17547651797996,63.05161548258288,51.940536419710305,45.071627468288675,53.218417547857065,45.04916375697444
4,51.940536419710305,45.071627468288675,53.218417547857065,45.04916375697444
