epoch,train_acc,train_f1,val_acc,val_f1,test_acc,test_f1
0,50.530147175185945,50.61040293288869,57.73494093052652,46.584224013064954,58.63692028291277,46.53890028026144
0,57.73494093052652,46.584224013064954,58.63692028291277,46.53890028026144
1,53.616078493432504,53.64951161365479,55.9069473479508,44.566531701965346,56.11297627675911,43.99430539030021
1,55.9069473479508,44.566531701965346,56.11297627675911,43.99430539030021
2,56.10064883684127,56.143150591838285,59.319850260100154,47.085851228221394,59.53331056257654,46.51553422106287
2,59.319850260100154,47.085851228221394,59.53331056257654,46.51553422106287
3,57.22424434245925,57.20665389002734,63.51791530944625,47.90109990569964,64.07385500581765,47.47595390325336
3,63.51791530944625,47.90109990569964,64.07385500581765,47.47595390325336
4,58.22123753758506,58.186547583473526,59.00140988866741,47.44948042460215,58.66080180833132,46.31942556724639
4,59.00140988866741,47.44948042460215,58.66080180833132,46.31942556724639
