epoch,train_acc,train_f1,val_acc,val_f1,test_acc,test_f1
0,59.044193216855085,59.101822405964555,51.20243953149907,44.55622750912229,52.485919673946185,44.95755591715718
0,51.20243953149907,44.55622750912229,52.485919673946185,44.95755591715718
1,57.75950668036999,57.59588312976254,51.92321020167718,43.09948001015109,53.24248648128239,43.62212203277209
1,51.92321020167718,43.09948001015109,53.24248648128239,43.62212203277209
2,59.660842754367934,59.505287610009425,47.924319079631296,42.210802341175665,49.35134224418735,42.726590456887884
2,47.924319079631296,42.210802341175665,49.35134224418735,42.726590456887884
3,61.20246659815005,61.097352719038014,52.269734562339735,44.92150851117631,53.56862052919561,45.25084855598789
3,52.269734562339735,44.92150851117631,53.56862052919561,45.25084855598789
4,61.896197327852,61.78229529487408,56.0364543627417,47.0107676577033,56.937468910960995,46.984129951510354
4,56.0364543627417,47.0107676577033,56.937468910960995,46.984129951510354
