epoch,train_acc,train_f1,val_acc,val_f1,test_acc,test_f1
0,54.97937935230884,54.99822872340939,55.32838958578788,45.6790480233421,54.01802092250225,45.34311569520717
0,55.32838958578788,45.6790480233421,54.01802092250225,45.34311569520717
1,57.15637887904807,57.225916425592885,64.28719939011712,48.77158272648774,62.52682015764138,48.6959761053938
1,64.28719939011712,48.77158272648774,62.52682015764138,48.6959761053938
2,58.03529173145832,58.05770625247234,61.510384180007854,48.51351764649336,59.699725406054405,48.17836463902663
2,61.510384180007854,48.51351764649336,59.699725406054405,48.17836463902663
3,58.73842201338652,58.73228925055528,63.159840136761616,49.27760700944408,61.63939255817056,49.22609914468195
3,63.159840136761616,49.27760700944408,61.63939255817056,49.22609914468195
4,59.34013927388277,59.30856065802676,56.77455125095294,46.74898593752858,55.5060532956832,46.795031092065415
4,56.77455125095294,46.74898593752858,55.5060532956832,46.795031092065415
