epoch,train_acc,train_f1,val_acc,val_f1,test_acc,test_f1
0,58.636186010160216,58.77395487358196,51.20243953149907,44.55622750912229,52.52001732963207,44.72356422311222
0,51.20243953149907,44.55622750912229,52.52001732963207,44.72356422311222
1,59.16373583431028,59.10213862858594,58.430937694919955,46.016574500285444,59.66006643025625,45.77230210709975
1,58.430937694919955,46.016574500285444,59.66006643025625,45.77230210709975
2,61.0590074247753,61.08405736621659,63.23376533370296,49.38498552029557,64.4305290351567,48.838484458982606
2,63.23376533370296,49.38498552029557,64.4305290351567,48.838484458982606
3,61.46932395466979,61.367108239145566,62.74516598516876,49.91487686901921,63.79069655493333,49.2904162731054
3,62.74516598516876,49.91487686901921,63.79069655493333,49.2904162731054
4,62.85658460336069,62.711283247311314,60.437313743156146,49.08274009193319,61.789364740617124,48.849149593886345
4,60.437313743156146,49.08274009193319,61.789364740617124,48.849149593886345
