epoch,train_acc,train_f1,val_acc,val_f1,test_acc,test_f1
0,53.88936905790838,53.961318464482545,55.32838958578788,45.6790480233421,53.957432379851255,45.472495800486385
0,55.32838958578788,45.6790480233421,53.957432379851255,45.472495800486385
1,56.58311725727456,56.73663791829687,54.35581121352831,45.196866913372325,52.71092038999011,44.87437091012183
1,54.35581121352831,45.196866913372325,52.71092038999011,44.87437091012183
2,57.23854796888505,57.33690851606854,58.22764340333126,47.236876403368306,56.57635823948594,47.07795092533354
2,58.22764340333126,47.236876403368306,56.57635823948594,47.07795092533354
3,58.16767502160761,58.22639233151848,62.660845057407535,49.06196578401807,61.237229158097186,49.236380637729255
3,62.660845057407535,49.06196578401807,61.237229158097186,49.236380637729255
4,58.671852492077214,58.74504323716383,61.2862984267794,48.74766986081642,59.691943391401985,48.74953848738946
4,61.2862984267794,48.74766986081642,59.691943391401985,48.74953848738946
