epoch,train_acc,train_f1,val_acc,val_f1,test_acc,test_f1
0,57.66099185788305,57.667763130337,57.73494093052652,46.584224013064954,58.2103851312512,46.609103179534166
0,57.73494093052652,46.584224013064954,58.2103851312512,46.609103179534166
1,55.58845299777942,55.40585063374118,44.42121639360202,38.46519392722199,44.27495966521434,37.96893826036084
1,44.42121639360202,38.46519392722199,44.27495966521434,37.96893826036084
2,58.524549716259564,58.3888532840979,45.73873304487336,39.59880244184262,45.492639769404434,39.087730677737866
2,45.73873304487336,39.59880244184262,45.492639769404434,39.087730677737866
3,60.054280779669384,59.966048716574214,48.0820652438135,41.67706131975082,47.73694777443622,41.22905750905678
3,48.0820652438135,41.67706131975082,47.73694777443622,41.22905750905678
4,60.99185788304959,60.91410399707017,53.02153726481598,44.12862852602199,52.14142306122279,43.19844462260359
4,53.02153726481598,44.12862852602199,52.14142306122279,43.19844462260359
