epoch,train_acc,train_f1,val_acc,val_f1,test_acc,test_f1
0,52.09705929615941,51.83403877913025,55.32838958578788,45.6790480233421,53.940791095585034,45.458066410314686
0,55.32838958578788,45.6790480233421,53.940791095585034,45.458066410314686
1,53.2058492688414,52.998345543372615,55.2637050384642,44.680942095559566,53.78972656270489,44.530996225024836
1,55.2637050384642,44.680942095559566,53.78972656270489,44.530996225024836
2,55.61626225293267,55.48239373186492,56.28479682121653,46.037903737219125,54.57914365292923,45.83756542394535
2,56.28479682121653,46.037903737219125,54.57914365292923,45.83756542394535
3,55.72874819219026,55.56787337993382,51.17009725783723,43.55538436989044,49.661153860275796,43.37004071072112
3,51.17009725783723,43.55538436989044,49.661153860275796,43.37004071072112
4,57.158926562751084,57.05689685901868,61.526555316838774,48.34398560954175,59.913085440631114,48.39160567271733
4,61.526555316838774,48.34398560954175,59.913085440631114,48.39160567271733
