epoch,train_acc,train_f1,val_acc,val_f1,test_acc,test_f1
0,55.19792540614751,55.27642782114213,57.73494093052652,46.584224013064954,58.097991559885536,46.33065218844721
0,57.73494093052652,46.584224013064954,58.097991559885536,46.33065218844721
1,58.172526885821064,58.35354272981178,48.92556760173076,42.48151693260036,48.59858071413173,41.83214226469733
1,48.92556760173076,42.48151693260036,48.59858071413173,41.83214226469733
2,59.499656776752346,59.677854613630934,60.66896786426175,48.0849855163067,60.43157394254934,47.448196190651345
2,60.66896786426175,48.0849855163067,60.43157394254934,47.448196190651345
3,59.93440622378156,60.084368300034555,52.771160484223834,45.52577939694882,51.90138827775005,44.35055681616238
3,52.771160484223834,45.52577939694882,51.90138827775005,44.35055681616238
4,60.3310197544047,60.46971476023955,55.189848801594636,46.78541853853304,53.842496478363714,45.31249090390439
4,55.189848801594636,46.78541853853304,53.842496478363714,45.31249090390439
