epoch,train_acc,train_f1,val_acc,val_f1,test_acc,test_f1
0,53.828505878979065,53.855931727844194,55.32838958578788,45.6790480233421,53.622926140983076,45.57088665209903
0,55.32838958578788,45.6790480233421,53.622926140983076,45.57088665209903
1,51.10410094637224,51.04361608910658,42.31524476170675,37.30004969883772,41.24035521146412,37.319107898705454
1,42.31524476170675,37.30004969883772,41.24035521146412,37.319107898705454
2,54.43074275881847,54.457003010497694,44.237299882181716,38.677189113916086,42.785619495717214,38.57306792468691
2,44.237299882181716,38.677189113916086,42.785619495717214,38.57306792468691
3,56.95440206481216,57.0155880883002,57.24120405664518,46.216274151330175,54.94998609996485,45.86063574241398
3,57.24120405664518,46.216274151330175,54.94998609996485,45.86063574241398
4,57.6139948379696,57.692447086391375,55.55478550142075,46.08443037067875,53.07715306299076,45.42144362236249
4,55.55478550142075,46.08443037067875,53.07715306299076,45.42144362236249
