epoch,train_acc,train_f1,val_acc,val_f1,test_acc,test_f1
0,55.096952908587255,55.14345863259772,55.32838958578788,45.6790480233421,53.613222342864034,45.55039418601663
0,55.32838958578788,45.6790480233421,53.613222342864034,45.55039418601663
1,51.82825484764543,51.828621152205024,45.066648185367434,39.03906775058776,43.9563696255383,39.13364800683309
1,45.066648185367434,39.03906775058776,43.9563696255383,39.13364800683309
2,55.40166204986149,55.450901242756615,48.24774181624968,40.973829389858786,46.897931779676576,41.12346778425125
2,48.24774181624968,40.973829389858786,46.897931779676576,41.12346778425125
3,57.53462603878116,57.617439833869796,48.30087555155127,41.61722169592053,46.624651843459375,41.48897292903557
3,48.30087555155127,41.61722169592053,46.624651843459375,41.48897292903557
4,58.50415512465374,58.571622639798925,55.970614734215815,45.60582784623879,53.698458407423146,45.26002440919605
4,55.970614734215815,45.60582784623879,53.698458407423146,45.26002440919605
